[957 150 969 171]
[957 150 969 171]
[957 149 970 171]
[955 126 976 199]
[957 149 969 171]
[954 124 976 201]
[956 149 969 170]
[954 122 976 204]
[956 149 969 170]
[954 124 976 201]
[956 149 968 170]
[953 121 976 205]
[955 150 967 169]
[952 114 978 213]
[955 149 967 169]
[952 114 978 212]
[955 149 967 169]
[951 113 978 213]
[954 149 966 169]
[950 107 980 220]
[954 149 966 168]
[953 149 965 169]
[953 149 965 169]
[952 150 964 168]
[952 150 964 168]
[952 150 964 169]
[952 150 964 169]
[952 150 962 168]
[952 150 962 168]
[952 150 962 169]
[952 150 962 169]
[952 150 962 169]
[952 150 962 168]
[952 150 962 168]
[952 150 962 168]
[952 150 962 168]
[952 149 962 168]
[952 149 962 168]
[951 150 963 168]
[952 150 963 168]
[952 150 964 169]
[952 150 964 169]
[953 149 965 169]
[954 148 966 169]
[951 120 976 205]
[954 149 967 169]
[951 116 978 209]
[955 149 967 169]
[951 110 980 216]
[955 150 967 169]
[950 107 981 220]
[956 150 968 170]
[952 111 980 216]
[959 151 971 172]
[955 123 978 203]
[959 151 971 172]
[958 151 971 175]
[958 151 971 175]
[956 150 968 170]
[952 112 980 215]
[955 150 967 170]
[953 121 977 204]
[954 150 965 170]
[952 118 977 208]
[953 149 966 172]
[952 150 964 172]
[953 135 971 190]
[952 150 964 173]
[952 143 967 181]
[951 150 964 173]
[950 150 963 174]
[949 151 962 174]
[948 151 961 175]
[948 153 959 175]
[947 153 959 175]
[950 140 968 193]
[946 155 958 176]
[949 133 970 202]
[946 156 958 177]
[948 132 971 206]
[946 157 957 178]
[945 157 957 178]
[946 158 957 179]
[946 160 956 180]
[945 161 956 181]
[945 162 957 182]
[947 179 960 202]
[947 183 960 204]
[947 163 968 222]
[950 182 965 206]
[949 172 970 216]
[954 184 970 209]
[949 157 976 232]
[955 188 969 212]
[951 155 980 237]
[984 187 998 214]
[ 996  185 1009  209]
[962 209 976 232]
[947 234 963 259]
[945 254 962 280]
[953 271 972 298]
[961 279 979 307]
[969 282 987 309]
[978 287 996 313]
[ 986  294 1004  320]
[957 150 969 171]
[957 150 969 171]
[957 149 970 171]
[955 126 976 199]
[957 149 969 171]
[954 124 976 201]
[956 149 969 170]
[954 122 976 204]
[956 149 969 170]
[954 124 976 201]
[956 149 968 170]
[953 121 976 205]
[955 150 967 169]
[952 114 978 213]
[955 149 967 169]
[952 114 978 212]
[955 149 967 169]
[951 113 978 213]
[954 149 966 169]
[950 107 980 220]
[954 149 966 168]
[953 149 965 169]
[953 149 965 169]
[952 150 964 168]
[952 150 964 168]
[952 150 964 169]
[952 150 964 169]
[952 150 962 168]
[952 150 962 168]
[952 150 962 169]
[952 150 962 169]
[952 150 962 169]
[952 150 962 168]
[952 150 962 168]
[952 150 962 168]
[952 150 962 168]
[952 149 962 168]
[952 149 962 168]
[951 150 963 168]
[952 150 963 168]
[952 150 964 169]
[957 150 969 171]
[957 150 969 171]
[957 149 970 171]
[955 126 976 199]
[957 149 969 171]
[954 124 976 201]
[956 149 969 170]
[954 122 976 204]
[956 149 969 170]
[954 124 976 201]
[956 149 968 170]
[953 121 976 205]
[955 150 967 169]
[952 114 978 213]
[955 149 967 169]
[952 114 978 212]
[955 149 967 169]
[951 113 978 213]
[954 149 966 169]
[950 107 980 220]
[954 149 966 168]
[953 149 965 169]
[953 149 965 169]
[952 150 964 168]
[952 150 964 168]
[952 150 964 169]
[952 150 964 169]
[952 150 962 168]
[952 150 962 168]
[952 150 962 169]
[952 150 962 169]
[952 150 962 169]
[952 150 962 168]
[952 150 962 168]
[952 150 962 168]
[952 150 962 168]
[952 149 962 168]
[952 149 962 168]
[951 150 963 168]
[952 150 963 168]
[952 150 964 169]
[952 150 964 169]
[953 149 965 169]
[954 148 966 169]
[951 120 976 205]
[954 149 967 169]
[951 116 978 209]
[955 149 967 169]
[951 110 980 216]
[955 150 967 169]
[950 107 981 220]
[956 150 968 170]
[952 111 980 216]
[959 151 971 172]
[955 123 978 203]
[959 151 971 172]
[958 151 971 175]
[958 151 971 175]
[956 150 968 170]
[952 112 980 215]
[955 150 967 170]
[953 121 977 204]
[954 150 965 170]
[952 118 977 208]
[953 149 966 172]
[952 150 964 172]
[953 135 971 190]
[952 150 964 173]
[952 143 967 181]
[951 150 964 173]
[950 150 963 174]
[949 151 962 174]
[948 151 961 175]
[948 153 959 175]
[947 153 959 175]
[950 140 968 193]
[946 155 958 176]
[949 133 970 202]
[946 156 958 177]
[948 132 971 206]
[946 157 957 178]
[945 157 957 178]
[946 158 957 179]
[946 160 956 180]
[945 161 956 181]
[945 162 957 182]
[947 179 960 202]
[947 183 960 204]
[947 163 968 222]
[950 182 965 206]
[949 172 970 216]
[954 184 970 209]
[949 157 976 232]
[955 188 969 212]
[951 155 980 237]
[984 187 998 214]
[ 996  185 1009  209]
[962 209 976 232]
[947 234 963 259]
[945 254 962 280]
[953 271 972 298]
[961 279 979 307]
[969 282 987 309]
[978 287 996 313]
[ 986  294 1004  320]
[ 995  301 1012  328]
[1003  311 1021  337]
[1011  320 1031  347]
[1018  331 1037  360]
[1027  345 1046  374]
[1036  359 1056  390]
[1044  371 1065  399]
[1059  380 1077  408]
[1066  386 1086  414]
[1106  441 1124  469]
[1113  456 1133  483]
[1123  460 1141  486]
[1204  492 1226  524]
[1214  496 1238  530]
[1229  503 1252  537]
[1242  511 1265  545]
[1255  518 1279  553]
[1266  530 1279  562]
[957 150 969 171]
[957 150 969 171]
[957 149 970 171]
[955 126 976 199]
[957 149 969 171]
[954 124 976 201]
[956 149 969 170]
[954 122 976 204]
[956 149 969 170]
[954 124 976 201]
[956 149 968 170]
[953 121 976 205]
[955 150 967 169]
[952 114 978 213]
[955 149 967 169]
[952 114 978 212]
[955 149 967 169]
[951 113 978 213]
[954 149 966 169]
[950 107 980 220]
[954 149 966 168]
[953 149 965 169]
[953 149 965 169]
[952 150 964 168]
[952 150 964 168]
[952 150 964 169]
[952 150 964 169]
[952 150 962 168]
[952 150 962 168]
[952 150 962 169]
[952 150 962 169]
[952 150 962 169]
[952 150 962 168]
[952 150 962 168]
[952 150 962 168]
[952 150 962 168]
[952 149 962 168]
[952 149 962 168]
[951 150 963 168]
[952 150 963 168]
[952 150 964 169]
[952 150 964 169]
[953 149 965 169]
[954 148 966 169]
[951 120 976 205]
[954 149 967 169]
[951 116 978 209]
[955 149 967 169]
[951 110 980 216]
[955 150 967 169]
[950 107 981 220]
[956 150 968 170]
[952 111 980 216]
[959 151 971 172]
[955 123 978 203]
[959 151 971 172]
[958 151 971 175]
[958 151 971 175]
[956 150 968 170]
[952 112 980 215]
[955 150 967 170]
[953 121 977 204]
[954 150 965 170]
[952 118 977 208]
[953 149 966 172]
[952 150 964 172]
[953 135 971 190]
[952 150 964 173]
[952 143 967 181]
[951 150 964 173]
[950 150 963 174]
[949 151 962 174]
[948 151 961 175]
[948 153 959 175]
[947 153 959 175]
[950 140 968 193]
[946 155 958 176]
[949 133 970 202]
[946 156 958 177]
[948 132 971 206]
[946 157 957 178]
[945 157 957 178]
[946 158 957 179]
[946 160 956 180]
[945 161 956 181]
[945 162 957 182]
[947 179 960 202]
[947 183 960 204]
[947 163 968 222]
[950 182 965 206]
[949 172 970 216]
[954 184 970 209]
[949 157 976 232]
[955 188 969 212]
[951 155 980 237]
[984 187 998 214]
[ 996  185 1009  209]
[962 209 976 232]
[947 234 963 259]
[945 254 962 280]
[953 271 972 298]
[961 279 979 307]
[969 282 987 309]
[978 287 996 313]
[ 986  294 1004  320]
[ 995  301 1012  328]
[1003  311 1021  337]
[1011  320 1031  347]
[1018  331 1037  360]
[1027  345 1046  374]
[1036  359 1056  390]
[1044  371 1065  399]
[1059  380 1077  408]
[1066  386 1086  414]
[1106  441 1124  469]
[1113  456 1133  483]
[1123  460 1141  486]
[1204  492 1226  524]
[1214  496 1238  530]
[1229  503 1252  537]
[1242  511 1265  545]
[1255  518 1279  553]
[1266  530 1279  562]
[957 150 969 171]
[957 150 969 171]
[957 149 970 171]
[955 126 976 199]
[957 149 969 171]
[954 124 976 201]
[956 149 969 170]
[954 122 976 204]
[956 149 969 170]
[954 124 976 201]
[956 149 968 170]
[953 121 976 205]
[955 150 967 169]
[952 114 978 213]
[955 149 967 169]
[952 114 978 212]
[955 149 967 169]
[951 113 978 213]
[954 149 966 169]
[950 107 980 220]
[954 149 966 168]
[953 149 965 169]
[953 149 965 169]
[952 150 964 168]
[952 150 964 168]
[952 150 964 169]
[952 150 964 169]
[952 150 962 168]
[952 150 962 168]
[952 150 962 169]
[952 150 962 169]
[952 150 962 169]
[952 150 962 168]
[952 150 962 168]
[952 150 962 168]
[952 150 962 168]
[952 149 962 168]
[952 149 962 168]
[951 150 963 168]
[952 150 963 168]
[952 150 964 169]
[952 150 964 169]
[953 149 965 169]
[954 148 966 169]
[951 120 976 205]
[954 149 967 169]
[951 116 978 209]
[955 149 967 169]
[951 110 980 216]
[955 150 967 169]
[950 107 981 220]
[956 150 968 170]
[952 111 980 216]
[959 151 971 172]
[955 123 978 203]
[959 151 971 172]
[958 151 971 175]
[958 151 971 175]
[956 150 968 170]
[952 112 980 215]
[955 150 967 170]
[953 121 977 204]
[954 150 965 170]
[952 118 977 208]
[953 149 966 172]
[952 150 964 172]
[953 135 971 190]
[952 150 964 173]
[952 143 967 181]
[951 150 964 173]
[950 150 963 174]
[949 151 962 174]
[948 151 961 175]
[948 153 959 175]
[947 153 959 175]
[950 140 968 193]
[946 155 958 176]
[949 133 970 202]
[946 156 958 177]
[948 132 971 206]
[946 157 957 178]
[945 157 957 178]
[946 158 957 179]
[946 160 956 180]
[945 161 956 181]
[945 162 957 182]
[947 179 960 202]
[947 183 960 204]
[947 163 968 222]
[950 182 965 206]
[949 172 970 216]
[954 184 970 209]
[949 157 976 232]
[955 188 969 212]
[951 155 980 237]
[984 187 998 214]
[ 996  185 1009  209]
[962 209 976 232]
[947 234 963 259]
[945 254 962 280]
[953 271 972 298]
[961 279 979 307]
[969 282 987 309]
[978 287 996 313]
[ 986  294 1004  320]
[ 995  301 1012  328]
[1003  311 1021  337]
[1011  320 1031  347]
[1018  331 1037  360]
[1027  345 1046  374]
[1036  359 1056  390]
[1044  371 1065  399]
[1059  380 1077  408]
[1066  386 1086  414]
[1106  441 1124  469]
[1113  456 1133  483]
[1123  460 1141  486]
[1204  492 1226  524]
[1214  496 1238  530]
[1229  503 1252  537]
[1242  511 1265  545]
[1255  518 1279  553]
[1266  530 1279  562]
[641 342 662 371]
[648 334 667 364]
[657 330 676 360]
[666 328 683 357]
[751 383 771 413]
[755 372 774 400]
[760 360 778 390]
[763 351 781 378]
[768 343 785 370]
[771 337 788 364]
[775 332 790 358]
[781 328 796 352]
[796 287 810 309]
[799 280 814 303]
[802 274 817 297]
[803 270 818 293]
[805 266 820 290]
[806 264 822 286]
[809 262 825 285]
[810 261 827 284]
[813 253 828 276]
[815 245 829 267]
[817 238 831 261]
[820 234 833 255]
[821 225 835 248]
[822 222 837 246]
[823 220 838 244]
[827 219 841 242]
[823 218 837 241]
[817 222 830 244]
[811 222 825 245]
[811 224 825 245]
[811 225 824 245]
[811 224 824 245]
[808 223 821 244]
[808 223 820 243]
[808 224 820 243]
[808 224 821 243]
[809 225 821 244]
[810 224 822 243]
[812 224 823 243]
[811 223 823 242]
[813 222 825 242]
[811 219 833 244]
[811 218 837 244]
[817 224 829 243]
[816 223 828 244]
[813 221 834 244]
[816 223 828 244]
[809 218 838 245]
[816 222 828 244]
[806 216 840 245]
[816 222 828 244]
[809 217 838 244]
[816 222 829 244]
[810 217 838 244]
[816 222 829 244]
[807 214 841 245]
[816 222 829 244]
[810 217 838 245]
[816 222 829 244]
[811 220 836 243]
[814 221 832 244]
[814 222 828 244]
[815 221 829 244]
[814 222 828 244]
[813 222 827 244]
[813 222 827 245]
[812 222 826 244]
[813 221 827 245]
[813 221 827 245]
[813 221 826 245]
[812 221 826 245]
[812 221 826 245]
[813 219 826 242]
[813 217 826 239]
[813 214 826 237]
[813 211 827 236]
[813 209 827 234]
[813 183 827 209]
[814 180 827 206]
[813 178 826 200]
[813 172 825 194]
[812 169 825 191]
[792 108 831 242]
[810 167 823 187]
[810 166 823 186]
[808 165 822 185]
[807 163 821 184]
[800 158 813 179]
[800 158 812 178]
[800 158 811 178]
[782 101 831 238]
[799 157 811 178]
[781 101 833 238]
[798 157 810 178]
[780 101 832 237]
[797 157 809 178]
[780 100 831 237]
[795 156 808 178]
[785 155 798 178]
[772 103 819 233]
[783 154 795 178]
[772 103 818 233]
[782 155 795 177]
[771 102 819 234]
[780 154 793 178]
[769 101 817 235]
[779 155 792 177]
[778 154 792 176]
[776 153 789 179]
[773 152 787 180]
[770 152 784 179]
[765 139 792 195]
[769 153 783 178]
[767 152 782 179]
[766 153 780 178]
[767 155 780 176]
[739 152 752 176]
[739 138 760 190]
[736 151 749 175]
[737 135 759 193]
[734 152 748 174]
[734 152 746 175]
[732 152 745 175]
[730 152 744 175]
[729 151 742 175]
[728 150 742 176]
[727 150 741 176]
[957 150 969 171]
[957 150 969 171]
[957 149 970 171]
[955 126 976 199]
[957 149 969 171]
[954 124 976 201]
[956 149 969 170]
[954 122 976 204]
[956 149 969 170]
[954 124 976 201]
[956 149 968 170]
[953 121 976 205]
[955 150 967 169]
[952 114 978 213]
[955 149 967 169]
[952 114 978 212]
[955 149 967 169]
[951 113 978 213]
[954 149 966 169]
[950 107 980 220]
[954 149 966 168]
[953 149 965 169]
[953 149 965 169]
[952 150 964 168]
[952 150 964 168]
[952 150 964 169]
[952 150 964 169]
[952 150 962 168]
[952 150 962 168]
[952 150 962 169]
[952 150 962 169]
[952 150 962 169]
[952 150 962 168]
[952 150 962 168]
[952 150 962 168]
[952 150 962 168]
[952 149 962 168]
[952 149 962 168]
[951 150 963 168]
[952 150 963 168]
[952 150 964 169]
[952 150 964 169]
[953 149 965 169]
[954 148 966 169]
[951 120 976 205]
[954 149 967 169]
[951 116 978 209]
[955 149 967 169]
[951 110 980 216]
[955 150 967 169]
[950 107 981 220]
[956 150 968 170]
[952 111 980 216]
[959 151 971 172]
[955 123 978 203]
[959 151 971 172]
[958 151 971 175]
[958 151 971 175]
[956 150 968 170]
[952 112 980 215]
[955 150 967 170]
[953 121 977 204]
[954 150 965 170]
[952 118 977 208]
[953 149 966 172]
[952 150 964 172]
[953 135 971 190]
[952 150 964 173]
[952 143 967 181]
[951 150 964 173]
[950 150 963 174]
[949 151 962 174]
[948 151 961 175]
[948 153 959 175]
[947 153 959 175]
[950 140 968 193]
[946 155 958 176]
[949 133 970 202]
[946 156 958 177]
[948 132 971 206]
[946 157 957 178]
[945 157 957 178]
[946 158 957 179]
[946 160 956 180]
[945 161 956 181]
[945 162 957 182]
[947 179 960 202]
[947 183 960 204]
[947 163 968 222]
[950 182 965 206]
[949 172 970 216]
[954 184 970 209]
[949 157 976 232]
[955 188 969 212]
[951 155 980 237]
[984 187 998 214]
[ 996  185 1009  209]
[962 209 976 232]
[947 234 963 259]
[945 254 962 280]
[953 271 972 298]
[961 279 979 307]
[969 282 987 309]
[978 287 996 313]
[ 986  294 1004  320]
[ 995  301 1012  328]
[1003  311 1021  337]
[1011  320 1031  347]
[1018  331 1037  360]
[1027  345 1046  374]
[1036  359 1056  390]
[1044  371 1065  399]
[1059  380 1077  408]
[1066  386 1086  414]
[1106  441 1124  469]
[1113  456 1133  483]
[1123  460 1141  486]
[1204  492 1226  524]
[1214  496 1238  530]
[1229  503 1252  537]
[1242  511 1265  545]
[1255  518 1279  553]
[1266  530 1279  562]
[641 342 662 371]
[648 334 667 364]
[657 330 676 360]
[666 328 683 357]
[751 383 771 413]
[755 372 774 400]
[760 360 778 390]
[763 351 781 378]
[768 343 785 370]
[771 337 788 364]
[775 332 790 358]
[781 328 796 352]
[796 287 810 309]
[799 280 814 303]
[802 274 817 297]
[803 270 818 293]
[805 266 820 290]
[806 264 822 286]
[809 262 825 285]
[810 261 827 284]
[813 253 828 276]
[815 245 829 267]
[817 238 831 261]
[820 234 833 255]
[821 225 835 248]
[822 222 837 246]
[823 220 838 244]
[827 219 841 242]
[823 218 837 241]
[817 222 830 244]
[811 222 825 245]
[811 224 825 245]
[811 225 824 245]
[811 224 824 245]
[808 223 821 244]
[808 223 820 243]
[808 224 820 243]
[808 224 821 243]
[809 225 821 244]
[810 224 822 243]
[812 224 823 243]
[811 223 823 242]
[813 222 825 242]
[811 219 833 244]
[811 218 837 244]
[817 224 829 243]
[816 223 828 244]
[813 221 834 244]
[816 223 828 244]
[809 218 838 245]
[816 222 828 244]
[806 216 840 245]
[816 222 828 244]
[809 217 838 244]
[816 222 829 244]
[810 217 838 244]
[816 222 829 244]
[807 214 841 245]
[816 222 829 244]
[810 217 838 245]
[816 222 829 244]
[811 220 836 243]
[814 221 832 244]
[814 222 828 244]
[815 221 829 244]
[814 222 828 244]
[813 222 827 244]
[813 222 827 245]
[812 222 826 244]
[813 221 827 245]
[813 221 827 245]
[813 221 826 245]
[812 221 826 245]
[812 221 826 245]
[813 219 826 242]
[813 217 826 239]
[813 214 826 237]
[813 211 827 236]
[813 209 827 234]
[813 183 827 209]
[814 180 827 206]
[813 178 826 200]
[813 172 825 194]
[812 169 825 191]
[792 108 831 242]
[810 167 823 187]
[810 166 823 186]
[808 165 822 185]
[807 163 821 184]
[800 158 813 179]
[800 158 812 178]
[800 158 811 178]
[782 101 831 238]
[799 157 811 178]
[781 101 833 238]
[798 157 810 178]
[780 101 832 237]
[797 157 809 178]
[780 100 831 237]
[795 156 808 178]
[785 155 798 178]
[772 103 819 233]
[783 154 795 178]
[772 103 818 233]
[782 155 795 177]
[771 102 819 234]
[780 154 793 178]
[769 101 817 235]
[779 155 792 177]
[778 154 792 176]
[776 153 789 179]
[773 152 787 180]
[770 152 784 179]
[765 139 792 195]
[769 153 783 178]
[767 152 782 179]
[766 153 780 178]
[767 155 780 176]
[739 152 752 176]
[739 138 760 190]
[736 151 749 175]
[737 135 759 193]
[734 152 748 174]
[734 152 746 175]
[732 152 745 175]
[730 152 744 175]
[729 151 742 175]
[728 150 742 176]
[727 150 741 176]
[957 150 969 171]
[957 150 969 171]
[957 149 970 171]
[955 126 976 199]
[957 149 969 171]
[954 124 976 201]
[956 149 969 170]
[954 122 976 204]
[956 149 969 170]
[954 124 976 201]
[956 149 968 170]
[953 121 976 205]
[955 150 967 169]
[952 114 978 213]
[955 149 967 169]
[952 114 978 212]
[955 149 967 169]
[951 113 978 213]
[954 149 966 169]
[950 107 980 220]
[954 149 966 168]
[953 149 965 169]
[953 149 965 169]
[952 150 964 168]
[952 150 964 168]
[952 150 964 169]
[952 150 964 169]
[952 150 962 168]
[952 150 962 168]
[952 150 962 169]
[952 150 962 169]
[952 150 962 169]
[952 150 962 168]
[952 150 962 168]
[952 150 962 168]
[952 150 962 168]
[952 149 962 168]
[952 149 962 168]
[951 150 963 168]
[952 150 963 168]
[952 150 964 169]
[952 150 964 169]
[953 149 965 169]
[954 148 966 169]
[951 120 976 205]
[954 149 967 169]
[951 116 978 209]
[955 149 967 169]
[951 110 980 216]
[955 150 967 169]
[950 107 981 220]
[956 150 968 170]
[952 111 980 216]
[959 151 971 172]
[955 123 978 203]
[959 151 971 172]
[958 151 971 175]
[958 151 971 175]
[956 150 968 170]
[952 112 980 215]
[955 150 967 170]
[953 121 977 204]
[954 150 965 170]
[952 118 977 208]
[953 149 966 172]
[952 150 964 172]
[953 135 971 190]
[952 150 964 173]
[952 143 967 181]
[951 150 964 173]
[950 150 963 174]
[949 151 962 174]
[948 151 961 175]
[948 153 959 175]
[947 153 959 175]
[950 140 968 193]
[946 155 958 176]
[949 133 970 202]
[946 156 958 177]
[948 132 971 206]
[946 157 957 178]
[945 157 957 178]
[946 158 957 179]
[946 160 956 180]
[945 161 956 181]
[945 162 957 182]
[947 179 960 202]
[947 183 960 204]
[947 163 968 222]
[950 182 965 206]
[949 172 970 216]
[954 184 970 209]
[949 157 976 232]
[955 188 969 212]
[951 155 980 237]
[984 187 998 214]
[ 996  185 1009  209]
[962 209 976 232]
[947 234 963 259]
[945 254 962 280]
[953 271 972 298]
[961 279 979 307]
[969 282 987 309]
[978 287 996 313]
[ 986  294 1004  320]
[ 995  301 1012  328]
[1003  311 1021  337]
[1011  320 1031  347]
[1018  331 1037  360]
[1027  345 1046  374]
[1036  359 1056  390]
[1044  371 1065  399]
[1059  380 1077  408]
[1066  386 1086  414]
[1106  441 1124  469]
[1113  456 1133  483]
[1123  460 1141  486]
[1204  492 1226  524]
[1214  496 1238  530]
[1229  503 1252  537]
[1242  511 1265  545]
[957 150 969 171]
[957 150 969 171]
[957 149 970 171]
[955 126 976 199]
[957 149 969 171]
[954 124 976 201]
[956 149 969 170]
[954 122 976 204]
[956 149 969 170]
[954 124 976 201]
[956 149 968 170]
[953 121 976 205]
[955 150 967 169]
[952 114 978 213]
[955 149 967 169]
[952 114 978 212]
[955 149 967 169]
[951 113 978 213]
[954 149 966 169]
[950 107 980 220]
[954 149 966 168]
[953 149 965 169]
[953 149 965 169]
[952 150 964 168]
[952 150 964 168]
[952 150 964 169]
[952 150 964 169]
[952 150 962 168]
[952 150 962 168]
[952 150 962 169]
[952 150 962 169]
[952 150 962 169]
[952 150 962 168]
[952 150 962 168]
[952 150 962 168]
[952 150 962 168]
[952 149 962 168]
[952 149 962 168]
[951 150 963 168]
[952 150 963 168]
[952 150 964 169]
[952 150 964 169]
[953 149 965 169]
[954 148 966 169]
[951 120 976 205]
[954 149 967 169]
[951 116 978 209]
[955 149 967 169]
[951 110 980 216]
[955 150 967 169]
[950 107 981 220]
[956 150 968 170]
[952 111 980 216]
[959 151 971 172]
[955 123 978 203]
[959 151 971 172]
[958 151 971 175]
[958 151 971 175]
[956 150 968 170]
[952 112 980 215]
[955 150 967 170]
[953 121 977 204]
[954 150 965 170]
[952 118 977 208]
[953 149 966 172]
[952 150 964 172]
[953 135 971 190]
[952 150 964 173]
[952 143 967 181]
[951 150 964 173]
[950 150 963 174]
[949 151 962 174]
[948 151 961 175]
[948 153 959 175]
[947 153 959 175]
[950 140 968 193]
[946 155 958 176]
[949 133 970 202]
[946 156 958 177]
[948 132 971 206]
[946 157 957 178]
[945 157 957 178]
[946 158 957 179]
[946 160 956 180]
[945 161 956 181]
[945 162 957 182]
[947 179 960 202]
[947 183 960 204]
[947 163 968 222]
[950 182 965 206]
[949 172 970 216]
[954 184 970 209]
[949 157 976 232]
[955 188 969 212]
[951 155 980 237]
[984 187 998 214]
[ 996  185 1009  209]
[962 209 976 232]
[947 234 963 259]
[945 254 962 280]
[953 271 972 298]
[961 279 979 307]
[969 282 987 309]
[978 287 996 313]
[ 986  294 1004  320]
[ 995  301 1012  328]
[1003  311 1021  337]
[1011  320 1031  347]
[1018  331 1037  360]
[1027  345 1046  374]
[1036  359 1056  390]
[1044  371 1065  399]
[1059  380 1077  408]
[1066  386 1086  414]
[1106  441 1124  469]
[1113  456 1133  483]
[1123  460 1141  486]
[1204  492 1226  524]
[1214  496 1238  530]
[1229  503 1252  537]
[1242  511 1265  545]
[1255  518 1279  553]
[1266  530 1279  562]
[957 150 969 171]
[957 150 969 171]
[957 149 970 171]
[955 126 976 199]
[957 149 969 171]
[954 124 976 201]
[956 149 969 170]
[954 122 976 204]
[956 149 969 170]
[954 124 976 201]
[956 149 968 170]
[953 121 976 205]
[955 150 967 169]
[952 114 978 213]
[955 149 967 169]
[952 114 978 212]
[955 149 967 169]
[951 113 978 213]
[954 149 966 169]
[950 107 980 220]
[954 149 966 168]
[953 149 965 169]
[953 149 965 169]
[952 150 964 168]
[952 150 964 168]
[952 150 964 169]
[952 150 964 169]
[952 150 962 168]
[952 150 962 168]
[952 150 962 169]
[952 150 962 169]
[952 150 962 169]
[952 150 962 168]
[952 150 962 168]
[952 150 962 168]
[952 150 962 168]
[952 149 962 168]
[952 149 962 168]
[951 150 963 168]
[952 150 963 168]
[952 150 964 169]
[952 150 964 169]
[953 149 965 169]
[954 148 966 169]
[951 120 976 205]
[954 149 967 169]
[951 116 978 209]
[955 149 967 169]
[951 110 980 216]
[955 150 967 169]
[950 107 981 220]
[956 150 968 170]
[952 111 980 216]
[959 151 971 172]
[955 123 978 203]
[959 151 971 172]
[958 151 971 175]
[958 151 971 175]
[956 150 968 170]
[952 112 980 215]
[955 150 967 170]
[953 121 977 204]
[954 150 965 170]
[952 118 977 208]
[953 149 966 172]
[952 150 964 172]
[953 135 971 190]
[952 150 964 173]
[952 143 967 181]
[951 150 964 173]
[950 150 963 174]
[949 151 962 174]
[948 151 961 175]
[948 153 959 175]
[947 153 959 175]
[950 140 968 193]
[946 155 958 176]
[949 133 970 202]
[946 156 958 177]
[948 132 971 206]
[946 157 957 178]
[945 157 957 178]
[946 158 957 179]
[946 160 956 180]
[945 161 956 181]
[945 162 957 182]
[947 179 960 202]
[947 183 960 204]
[947 163 968 222]
[950 182 965 206]
[949 172 970 216]
[954 184 970 209]
[949 157 976 232]
[955 188 969 212]
[951 155 980 237]
[984 187 998 214]
