4 1 949 99 37 129 -1 -1 -1 -1 
4 2 273 403 155 126 -1 -1 -1 -1 
4 3 993 90 55 131 -1 -1 -1 -1 
4 4 575 186 126 76 -1 -1 -1 -1 
4 5 890 446 165 110 -1 -1 -1 -1 
4 6 652 394 88 108 -1 -1 -1 -1 
5 1 950 99 36 129 -1 -1 -1 -1 
5 2 273 403 154 126 -1 -1 -1 -1 
5 3 994 89 53 132 -1 -1 -1 -1 
5 4 575 186 126 76 -1 -1 -1 -1 
5 5 889 446 165 110 -1 -1 -1 -1 
5 6 652 393 88 109 -1 -1 -1 -1 
6 1 949 99 37 129 -1 -1 -1 -1 
6 2 273 403 154 126 -1 -1 -1 -1 
6 3 994 89 53 133 -1 -1 -1 -1 
6 4 575 186 126 76 -1 -1 -1 -1 
6 5 889 444 165 111 -1 -1 -1 -1 
6 6 652 393 88 109 -1 -1 -1 -1 
7 1 949 99 38 129 -1 -1 -1 -1 
7 2 274 402 153 128 -1 -1 -1 -1 
7 3 994 89 52 133 -1 -1 -1 -1 
7 4 575 186 126 76 -1 -1 -1 -1 
7 5 889 443 165 111 -1 -1 -1 -1 
7 6 651 393 89 109 -1 -1 -1 -1 
8 1 949 99 38 130 -1 -1 -1 -1 
8 2 274 402 153 128 -1 -1 -1 -1 
8 3 994 89 51 133 -1 -1 -1 -1 
8 4 575 186 126 76 -1 -1 -1 -1 
8 5 888 441 166 112 -1 -1 -1 -1 
8 6 651 392 89 110 -1 -1 -1 -1 
9 1 950 100 38 129 -1 -1 -1 -1 
9 2 274 402 153 128 -1 -1 -1 -1 
9 3 994 89 51 134 -1 -1 -1 -1 
9 4 575 186 126 76 -1 -1 -1 -1 
9 5 887 441 167 112 -1 -1 -1 -1 
9 6 651 392 88 110 -1 -1 -1 -1 
10 1 950 100 37 129 -1 -1 -1 -1 
10 2 274 401 153 129 -1 -1 -1 -1 
10 3 994 89 50 134 -1 -1 -1 -1 
10 4 575 186 126 76 -1 -1 -1 -1 
10 5 888 441 166 111 -1 -1 -1 -1 
10 6 651 392 87 109 -1 -1 -1 -1 
10 7 957 150 12 21 -1 -1 -1 -1 
11 1 950 100 37 129 -1 -1 -1 -1 
11 2 275 400 151 130 -1 -1 -1 -1 
11 3 995 89 49 134 -1 -1 -1 -1 
11 4 575 186 126 76 -1 -1 -1 -1 
11 5 887 439 167 113 -1 -1 -1 -1 
11 6 650 392 87 109 -1 -1 -1 -1 
11 7 957 150 12 21 -1 -1 -1 -1 
12 1 950 99 38 131 -1 -1 -1 -1 
12 2 276 400 150 130 -1 -1 -1 -1 
12 3 995 89 49 134 -1 -1 -1 -1 
12 4 575 186 126 77 -1 -1 -1 -1 
12 5 884 439 169 113 -1 -1 -1 -1 
12 6 650 391 86 110 -1 -1 -1 -1 
12 7 957 149 13 22 -1 -1 -1 -1 
12 8 955 126 21 73 -1 -1 -1 -1 
13 1 950 99 38 131 -1 -1 -1 -1 
13 2 278 399 147 133 -1 -1 -1 -1 
13 3 995 89 48 134 -1 -1 -1 -1 
13 4 575 186 126 77 -1 -1 -1 -1 
13 5 884 438 169 114 -1 -1 -1 -1 
13 6 650 391 83 110 -1 -1 -1 -1 
13 7 957 149 12 22 -1 -1 -1 -1 
13 8 954 124 22 77 -1 -1 -1 -1 
14 1 950 99 37 132 -1 -1 -1 -1 
14 2 281 398 145 134 -1 -1 -1 -1 
14 3 996 89 47 134 -1 -1 -1 -1 
14 4 575 185 126 78 -1 -1 -1 -1 
14 5 884 435 170 116 -1 -1 -1 -1 
14 6 650 391 79 110 -1 -1 -1 -1 
14 7 956 149 13 21 -1 -1 -1 -1 
14 8 954 122 22 82 -1 -1 -1 -1 
15 1 950 98 37 133 -1 -1 -1 -1 
15 2 282 398 144 134 -1 -1 -1 -1 
15 3 996 89 47 134 -1 -1 -1 -1 
15 4 575 185 126 78 -1 -1 -1 -1 
15 5 880 436 180 116 -1 -1 -1 -1 
15 6 650 391 77 111 -1 -1 -1 -1 
15 7 956 149 13 21 -1 -1 -1 -1 
15 8 954 124 22 77 -1 -1 -1 -1 
16 1 949 99 38 132 -1 -1 -1 -1 
16 2 287 397 139 135 -1 -1 -1 -1 
16 3 995 88 48 135 -1 -1 -1 -1 
16 4 575 186 126 76 -1 -1 -1 -1 
16 5 881 437 179 114 -1 -1 -1 -1 
16 6 650 391 76 111 -1 -1 -1 -1 
16 7 956 149 12 21 -1 -1 -1 -1 
16 8 953 121 23 84 -1 -1 -1 -1 
17 1 949 99 37 132 -1 -1 -1 -1 
17 2 290 397 137 136 -1 -1 -1 -1 
17 3 994 88 49 135 -1 -1 -1 -1 
17 4 575 186 126 76 -1 -1 -1 -1 
17 5 881 438 179 113 -1 -1 -1 -1 
17 6 650 391 76 111 -1 -1 -1 -1 
17 7 955 150 12 19 -1 -1 -1 -1 
17 8 952 114 26 99 -1 -1 -1 -1 
18 1 949 99 37 132 -1 -1 -1 -1 
18 2 295 397 132 136 -1 -1 -1 -1 
18 3 994 88 48 135 -1 -1 -1 -1 
18 4 575 186 126 76 -1 -1 -1 -1 
18 5 881 440 178 111 -1 -1 -1 -1 
18 6 650 392 77 110 -1 -1 -1 -1 
18 7 955 149 12 20 -1 -1 -1 -1 
18 8 952 114 26 98 -1 -1 -1 -1 
19 1 949 99 37 132 -1 -1 -1 -1 
19 2 302 398 124 133 -1 -1 -1 -1 
19 3 994 88 48 135 -1 -1 -1 -1 
19 4 575 186 126 76 -1 -1 -1 -1 
19 5 881 440 178 111 -1 -1 -1 -1 
19 6 651 392 76 110 -1 -1 -1 -1 
19 7 955 149 12 20 -1 -1 -1 -1 
19 8 951 113 27 100 -1 -1 -1 -1 
20 1 950 97 37 132 -1 -1 -1 -1 
20 2 303 398 123 133 -1 -1 -1 -1 
20 3 994 88 48 135 -1 -1 -1 -1 
20 4 575 186 126 76 -1 -1 -1 -1 
20 5 881 440 177 112 -1 -1 -1 -1 
20 6 651 392 76 110 -1 -1 -1 -1 
20 7 954 149 12 20 -1 -1 -1 -1 
20 8 950 107 30 113 -1 -1 -1 -1 
21 1 949 97 38 132 -1 -1 -1 -1 
21 2 306 398 120 133 -1 -1 -1 -1 
21 3 994 88 48 135 -1 -1 -1 -1 
21 4 575 186 126 76 -1 -1 -1 -1 
21 5 882 439 176 113 -1 -1 -1 -1 
21 6 651 393 77 109 -1 -1 -1 -1 
21 7 954 149 12 19 -1 -1 -1 -1 
22 1 949 97 37 131 -1 -1 -1 -1 
22 2 307 398 119 133 -1 -1 -1 -1 
22 3 993 87 49 136 -1 -1 -1 -1 
22 4 575 186 126 76 -1 -1 -1 -1 
22 5 882 439 175 113 -1 -1 -1 -1 
22 6 652 393 75 108 -1 -1 -1 -1 
22 7 953 149 12 20 -1 -1 -1 -1 
23 1 949 97 37 132 -1 -1 -1 -1 
23 2 308 398 118 133 -1 -1 -1 -1 
23 3 993 88 49 135 -1 -1 -1 -1 
23 4 575 186 126 76 -1 -1 -1 -1 
23 5 882 438 175 113 -1 -1 -1 -1 
23 6 652 393 75 108 -1 -1 -1 -1 
23 7 953 149 12 20 -1 -1 -1 -1 
24 1 948 97 38 132 -1 -1 -1 -1 
24 2 310 398 116 133 -1 -1 -1 -1 
24 3 993 88 49 135 -1 -1 -1 -1 
24 4 575 186 126 76 -1 -1 -1 -1 
24 5 881 438 176 113 -1 -1 -1 -1 
24 6 652 393 75 108 -1 -1 -1 -1 
24 7 952 150 12 18 -1 -1 -1 -1 
25 1 948 98 38 131 -1 -1 -1 -1 
25 2 311 398 115 133 -1 -1 -1 -1 
25 3 993 88 49 135 -1 -1 -1 -1 
25 4 575 186 126 76 -1 -1 -1 -1 
25 5 881 438 175 113 -1 -1 -1 -1 
25 6 652 393 75 107 -1 -1 -1 -1 
25 7 952 150 12 18 -1 -1 -1 -1 
26 1 948 98 38 130 -1 -1 -1 -1 
26 2 312 397 114 134 -1 -1 -1 -1 
26 3 993 88 49 135 -1 -1 -1 -1 
26 4 575 186 126 76 -1 -1 -1 -1 
26 5 881 438 175 113 -1 -1 -1 -1 
26 6 653 394 73 106 -1 -1 -1 -1 
26 7 952 150 12 19 -1 -1 -1 -1 
27 1 946 98 39 133 -1 -1 -1 -1 
27 2 312 397 114 134 -1 -1 -1 -1 
27 3 993 88 49 135 -1 -1 -1 -1 
27 4 575 186 126 76 -1 -1 -1 -1 
27 5 881 437 175 114 -1 -1 -1 -1 
27 6 652 394 74 106 -1 -1 -1 -1 
27 7 952 150 12 19 -1 -1 -1 -1 
43 1 949 98 36 129 -1 -1 -1 -1 
43 2 311 398 115 134 -1 -1 -1 -1 
43 3 996 89 45 134 -1 -1 -1 -1 
43 4 575 186 126 76 -1 -1 -1 -1 
43 5 881 437 175 114 -1 -1 -1 -1 
43 6 656 393 67 108 -1 -1 -1 -1 
43 7 953 149 12 20 -1 -1 -1 -1 
44 1 949 97 38 130 -1 -1 -1 -1 
44 2 311 399 115 133 -1 -1 -1 -1 
44 3 996 89 45 134 -1 -1 -1 -1 
44 4 575 186 126 76 -1 -1 -1 -1 
44 5 881 438 175 113 -1 -1 -1 -1 
44 6 655 393 68 108 -1 -1 -1 -1 
44 7 954 148 12 21 -1 -1 -1 -1 
44 8 951 120 25 85 -1 -1 -1 -1 
45 1 950 98 37 129 -1 -1 -1 -1 
45 2 311 399 115 133 -1 -1 -1 -1 
45 3 996 89 45 134 -1 -1 -1 -1 
45 4 575 186 126 76 -1 -1 -1 -1 
45 5 881 438 175 113 -1 -1 -1 -1 
45 6 655 394 68 107 -1 -1 -1 -1 
45 7 954 149 13 20 -1 -1 -1 -1 
45 8 951 116 27 93 -1 -1 -1 -1 
46 1 949 100 37 130 -1 -1 -1 -1 
46 2 310 400 116 132 -1 -1 -1 -1 
46 3 996 89 45 134 -1 -1 -1 -1 
46 4 575 186 126 76 -1 -1 -1 -1 
46 5 881 438 175 113 -1 -1 -1 -1 
46 6 655 393 68 108 -1 -1 -1 -1 
46 7 955 149 12 20 -1 -1 -1 -1 
46 8 951 110 29 106 -1 -1 -1 -1 
47 1 949 100 37 131 -1 -1 -1 -1 
47 2 310 400 116 132 -1 -1 -1 -1 
47 3 995 89 46 134 -1 -1 -1 -1 
47 4 575 186 125 76 -1 -1 -1 -1 
47 5 881 438 175 113 -1 -1 -1 -1 
47 6 656 393 67 108 -1 -1 -1 -1 
47 7 955 150 12 19 -1 -1 -1 -1 
47 8 950 107 31 113 -1 -1 -1 -1 
48 1 949 100 38 131 -1 -1 -1 -1 
48 2 309 400 117 132 -1 -1 -1 -1 
48 3 995 89 46 134 -1 -1 -1 -1 
48 4 575 186 125 76 -1 -1 -1 -1 
48 5 881 438 175 113 -1 -1 -1 -1 
48 6 656 393 66 108 -1 -1 -1 -1 
48 7 956 150 12 20 -1 -1 -1 -1 
48 8 952 111 28 105 -1 -1 -1 -1 
49 1 950 100 37 131 -1 -1 -1 -1 
49 2 309 400 117 131 -1 -1 -1 -1 
49 3 995 89 46 134 -1 -1 -1 -1 
49 4 575 186 126 76 -1 -1 -1 -1 
49 5 881 438 176 113 -1 -1 -1 -1 
49 6 656 393 66 108 -1 -1 -1 -1 
50 1 950 100 38 131 -1 -1 -1 -1 
50 2 308 401 118 130 -1 -1 -1 -1 
50 3 995 89 46 134 -1 -1 -1 -1 
50 4 575 186 125 76 -1 -1 -1 -1 
50 5 881 438 176 113 -1 -1 -1 -1 
51 1 951 100 38 131 -1 -1 -1 -1 
51 2 307 401 119 130 -1 -1 -1 -1 
51 3 995 89 46 135 -1 -1 -1 -1 
51 4 575 186 125 76 -1 -1 -1 -1 
51 5 881 438 176 113 -1 -1 -1 -1 
52 1 951 99 38 132 -1 -1 -1 -1 
52 2 305 401 121 130 -1 -1 -1 -1 
52 3 994 89 47 135 -1 -1 -1 -1 
52 4 575 186 125 76 -1 -1 -1 -1 
52 5 881 438 176 113 -1 -1 -1 -1 
53 1 951 99 38 132 -1 -1 -1 -1 
53 2 305 400 120 131 -1 -1 -1 -1 
53 3 995 89 46 135 -1 -1 -1 -1 
53 4 575 186 125 76 -1 -1 -1 -1 
53 5 881 438 175 113 -1 -1 -1 -1 
54 1 952 100 37 131 -1 -1 -1 -1 
54 2 303 400 122 131 -1 -1 -1 -1 
54 3 995 89 46 135 -1 -1 -1 -1 
54 4 575 186 125 76 -1 -1 -1 -1 
54 5 881 438 175 113 -1 -1 -1 -1 
55 1 952 100 37 132 -1 -1 -1 -1 
55 2 302 400 123 130 -1 -1 -1 -1 
55 3 995 89 46 135 -1 -1 -1 -1 
55 4 575 186 125 76 -1 -1 -1 -1 
55 5 881 438 175 113 -1 -1 -1 -1 
56 1 952 100 37 132 -1 -1 -1 -1 
56 2 301 400 126 131 -1 -1 -1 -1 
56 3 995 89 46 135 -1 -1 -1 -1 
56 4 575 186 125 76 -1 -1 -1 -1 
56 5 881 439 176 112 -1 -1 -1 -1 
57 1 953 100 36 132 -1 -1 -1 -1 
57 2 299 399 127 131 -1 -1 -1 -1 
57 3 995 89 46 135 -1 -1 -1 -1 
57 4 575 187 125 75 -1 -1 -1 -1 
57 5 881 439 176 112 -1 -1 -1 -1 
58 1 953 100 36 132 -1 -1 -1 -1 
58 2 298 399 128 131 -1 -1 -1 -1 
58 3 995 89 46 135 -1 -1 -1 -1 
58 4 575 187 125 75 -1 -1 -1 -1 
58 5 882 440 174 111 -1 -1 -1 -1 
59 1 953 100 36 132 -1 -1 -1 -1 
59 2 297 399 129 131 -1 -1 -1 -1 
59 3 995 89 46 135 -1 -1 -1 -1 
59 4 575 187 126 75 -1 -1 -1 -1 
59 5 884 440 173 111 -1 -1 -1 -1 
60 1 953 100 36 132 -1 -1 -1 -1 
60 2 296 398 129 132 -1 -1 -1 -1 
60 3 995 89 46 135 -1 -1 -1 -1 
60 4 575 187 126 75 -1 -1 -1 -1 
60 5 887 440 169 111 -1 -1 -1 -1 
61 1 953 100 37 132 -1 -1 -1 -1 
61 2 294 397 131 133 -1 -1 -1 -1 
61 3 996 89 45 135 -1 -1 -1 -1 
61 4 575 187 125 75 -1 -1 -1 -1 
61 5 891 440 161 110 -1 -1 -1 -1 
78 1 952 100 37 131 -1 -1 -1 -1 
78 2 279 397 148 134 -1 -1 -1 -1 
78 3 994 88 47 136 -1 -1 -1 -1 
78 4 575 186 126 76 -1 -1 -1 -1 
78 5 898 453 156 107 -1 -1 -1 -1 
78 6 654 394 77 108 -1 -1 -1 -1 
79 1 952 100 37 131 -1 -1 -1 -1 
79 2 279 397 148 134 -1 -1 -1 -1 
79 3 994 88 47 136 -1 -1 -1 -1 
79 4 575 186 126 76 -1 -1 -1 -1 
79 5 898 453 156 107 -1 -1 -1 -1 
79 6 654 394 77 108 -1 -1 -1 -1 
80 1 951 100 38 131 -1 -1 -1 -1 
80 2 280 397 147 134 -1 -1 -1 -1 
80 3 993 88 48 136 -1 -1 -1 -1 
80 4 575 186 126 76 -1 -1 -1 -1 
80 5 899 454 154 106 -1 -1 -1 -1 
80 6 653 394 78 108 -1 -1 -1 -1 
81 1 951 100 37 131 -1 -1 -1 -1 
81 2 280 397 146 133 -1 -1 -1 -1 
81 3 994 88 47 136 -1 -1 -1 -1 
81 4 575 186 126 76 -1 -1 -1 -1 
81 5 899 454 154 106 -1 -1 -1 -1 
81 6 653 394 78 108 -1 -1 -1 -1 
82 1 950 100 38 131 -1 -1 -1 -1 
82 2 280 397 146 133 -1 -1 -1 -1 
82 3 994 88 47 136 -1 -1 -1 -1 
82 4 575 186 126 76 -1 -1 -1 -1 
82 5 899 454 155 106 -1 -1 -1 -1 
82 6 653 394 78 108 -1 -1 -1 -1 
83 1 950 101 37 129 -1 -1 -1 -1 
83 2 279 397 147 133 -1 -1 -1 -1 
83 3 994 88 47 136 -1 -1 -1 -1 
83 4 575 186 126 76 -1 -1 -1 -1 
83 5 899 454 155 106 -1 -1 -1 -1 
83 6 653 394 78 108 -1 -1 -1 -1 
84 1 950 100 36 130 -1 -1 -1 -1 
84 2 279 397 147 133 -1 -1 -1 -1 
84 3 994 88 47 136 -1 -1 -1 -1 
84 4 575 186 126 76 -1 -1 -1 -1 
84 5 899 454 155 106 -1 -1 -1 -1 
84 6 652 394 80 108 -1 -1 -1 -1 
85 1 949 100 37 130 -1 -1 -1 -1 
85 2 279 397 147 133 -1 -1 -1 -1 
85 3 994 88 47 136 -1 -1 -1 -1 
85 4 575 186 126 76 -1 -1 -1 -1 
85 5 899 454 154 106 -1 -1 -1 -1 
85 6 652 393 80 109 -1 -1 -1 -1 
86 1 949 100 37 130 -1 -1 -1 -1 
86 2 279 398 147 132 -1 -1 -1 -1 
86 3 994 88 47 136 -1 -1 -1 -1 
86 4 575 186 126 76 -1 -1 -1 -1 
86 5 899 454 154 106 -1 -1 -1 -1 
86 6 652 393 81 109 -1 -1 -1 -1 
87 1 949 100 37 130 -1 -1 -1 -1 
87 2 279 398 147 131 -1 -1 -1 -1 
87 3 995 88 46 136 -1 -1 -1 -1 
87 4 575 186 126 76 -1 -1 -1 -1 
87 5 899 454 155 106 -1 -1 -1 -1 
87 6 652 393 81 109 -1 -1 -1 -1 
88 1 949 100 37 130 -1 -1 -1 -1 
88 2 279 398 147 131 -1 -1 -1 -1 
88 3 995 88 46 136 -1 -1 -1 -1 
88 4 575 186 126 76 -1 -1 -1 -1 
88 5 899 454 155 106 -1 -1 -1 -1 
88 6 652 393 80 109 -1 -1 -1 -1 
89 1 949 100 37 130 -1 -1 -1 -1 
89 2 279 399 147 130 -1 -1 -1 -1 
89 3 995 88 46 136 -1 -1 -1 -1 
89 4 575 186 126 76 -1 -1 -1 -1 
89 5 899 454 155 106 -1 -1 -1 -1 
89 6 652 393 82 109 -1 -1 -1 -1 
90 1 949 100 37 130 -1 -1 -1 -1 
90 2 279 399 147 130 -1 -1 -1 -1 
90 3 994 88 47 136 -1 -1 -1 -1 
90 4 575 186 126 76 -1 -1 -1 -1 
90 5 899 454 155 106 -1 -1 -1 -1 
90 6 652 393 84 109 -1 -1 -1 -1 
91 1 949 100 37 130 -1 -1 -1 -1 
91 2 279 399 147 130 -1 -1 -1 -1 
91 3 994 88 47 136 -1 -1 -1 -1 
91 4 575 186 126 76 -1 -1 -1 -1 
91 5 899 454 155 106 -1 -1 -1 -1 
91 6 652 394 88 109 -1 -1 -1 -1 
92 1 949 99 38 131 -1 -1 -1 -1 
92 2 279 399 147 130 -1 -1 -1 -1 
92 3 994 88 47 136 -1 -1 -1 -1 
92 4 575 186 126 76 -1 -1 -1 -1 
92 5 899 454 155 106 -1 -1 -1 -1 
92 6 652 395 91 108 -1 -1 -1 -1 
93 1 949 100 38 130 -1 -1 -1 -1 
93 2 279 399 147 130 -1 -1 -1 -1 
93 3 994 88 46 136 -1 -1 -1 -1 
93 4 575 186 126 76 -1 -1 -1 -1 
93 5 899 453 155 107 -1 -1 -1 -1 
93 6 652 395 93 109 -1 -1 -1 -1 
94 1 950 100 37 130 -1 -1 -1 -1 
94 2 279 399 147 130 -1 -1 -1 -1 
94 3 994 87 46 137 -1 -1 -1 -1 
94 4 575 187 126 75 -1 -1 -1 -1 
94 5 899 453 155 107 -1 -1 -1 -1 
94 6 652 396 97 108 -1 -1 -1 -1 
95 1 950 100 37 130 -1 -1 -1 -1 
95 2 279 399 147 130 -1 -1 -1 -1 
95 3 994 87 46 137 -1 -1 -1 -1 
95 4 575 187 126 75 -1 -1 -1 -1 
95 5 899 453 155 108 -1 -1 -1 -1 
95 6 652 397 101 107 -1 -1 -1 -1 
96 1 950 99 37 131 -1 -1 -1 -1 
96 2 279 399 147 130 -1 -1 -1 -1 
96 3 995 87 45 137 -1 -1 -1 -1 
96 4 575 187 126 75 -1 -1 -1 -1 
96 5 899 453 155 107 -1 -1 -1 -1 
96 6 652 399 102 105 -1 -1 -1 -1 
97 1 950 100 38 130 -1 -1 -1 -1 
97 2 279 399 147 130 -1 -1 -1 -1 
97 3 995 87 45 137 -1 -1 -1 -1 
97 4 575 186 126 76 -1 -1 -1 -1 
97 5 898 453 156 107 -1 -1 -1 -1 
97 6 652 399 100 105 -1 -1 -1 -1 
98 1 950 99 38 131 -1 -1 -1 -1 
98 2 279 399 148 130 -1 -1 -1 -1 
98 3 995 86 44 138 -1 -1 -1 -1 
98 4 575 186 126 76 -1 -1 -1 -1 
98 5 898 453 156 107 -1 -1 -1 -1 
98 6 652 399 100 105 -1 -1 -1 -1 
172 1 974 188 61 97 -1 -1 -1 -1 
172 2 270 414 157 115 -1 -1 -1 -1 
172 3 993 90 49 147 -1 -1 -1 -1 
172 4 575 185 126 77 -1 -1 -1 -1 
172 5 898 453 159 108 -1 -1 -1 -1 
172 6 649 397 106 108 -1 -1 -1 -1 
172 9 945 254 17 26 -1 -1 -1 -1 
173 1 975 187 60 99 -1 -1 -1 -1 
173 2 270 414 157 115 -1 -1 -1 -1 
173 3 989 88 53 167 -1 -1 -1 -1 
173 4 575 185 125 77 -1 -1 -1 -1 
173 5 898 452 160 108 -1 -1 -1 -1 
173 6 652 397 102 107 -1 -1 -1 -1 
173 9 953 271 19 27 -1 -1 -1 -1 
174 1 980 189 55 97 -1 -1 -1 -1 
174 2 270 414 157 115 -1 -1 -1 -1 
174 3 988 88 54 167 -1 -1 -1 -1 
174 4 575 185 125 77 -1 -1 -1 -1 
174 5 898 452 160 108 -1 -1 -1 -1 
174 6 653 396 101 108 -1 -1 -1 -1 
174 9 961 279 18 28 -1 -1 -1 -1 
175 1 984 194 51 92 -1 -1 -1 -1 
175 2 270 413 157 116 -1 -1 -1 -1 
175 3 988 93 53 144 -1 -1 -1 -1 
175 4 575 185 126 77 -1 -1 -1 -1 
175 5 898 452 160 108 -1 -1 -1 -1 
175 6 654 395 101 109 -1 -1 -1 -1 
175 9 969 282 18 27 -1 -1 -1 -1 
176 1 987 190 55 95 -1 -1 -1 -1 
176 2 270 414 157 115 -1 -1 -1 -1 
176 3 988 93 53 145 -1 -1 -1 -1 
176 4 575 184 126 78 -1 -1 -1 -1 
176 5 898 452 160 108 -1 -1 -1 -1 
176 6 652 395 105 109 -1 -1 -1 -1 
176 9 978 287 18 26 -1 -1 -1 -1 
177 1 987 186 56 97 -1 -1 -1 -1 
177 2 270 414 157 115 -1 -1 -1 -1 
177 3 991 93 48 141 -1 -1 -1 -1 
177 4 575 184 126 78 -1 -1 -1 -1 
177 5 898 452 160 108 -1 -1 -1 -1 
177 6 651 394 108 110 -1 -1 -1 -1 
177 9 986 294 18 26 -1 -1 -1 -1 
178 1 986 185 57 101 -1 -1 -1 -1 
178 2 270 414 157 115 -1 -1 -1 -1 
178 3 991 93 46 143 -1 -1 -1 -1 
178 4 575 184 126 78 -1 -1 -1 -1 
178 5 898 452 161 108 -1 -1 -1 -1 
178 6 650 394 110 109 -1 -1 -1 -1 
178 9 995 301 17 27 -1 -1 -1 -1 
179 1 983 186 50 101 -1 -1 -1 -1 
179 2 271 414 157 115 -1 -1 -1 -1 
179 3 986 93 48 140 -1 -1 -1 -1 
179 4 575 184 126 78 -1 -1 -1 -1 
179 5 899 451 160 110 -1 -1 -1 -1 
179 6 645 393 119 110 -1 -1 -1 -1 
179 9 1003 311 18 26 -1 -1 -1 -1 
180 1 980 183 58 103 -1 -1 -1 -1 
180 2 271 414 159 116 -1 -1 -1 -1 
180 3 982 93 53 145 -1 -1 -1 -1 
180 4 574 183 127 79 -1 -1 -1 -1 
180 5 898 450 162 111 -1 -1 -1 -1 
180 6 636 393 129 111 -1 -1 -1 -1 
180 9 1011 320 20 27 -1 -1 -1 -1 
181 1 980 185 53 99 -1 -1 -1 -1 
181 2 275 414 157 117 -1 -1 -1 -1 
181 3 978 93 55 147 -1 -1 -1 -1 
181 4 575 183 126 80 -1 -1 -1 -1 
181 5 898 450 164 111 -1 -1 -1 -1 
181 6 626 393 143 111 -1 -1 -1 -1 
181 9 1018 331 19 29 -1 -1 -1 -1 
