4 1 949 99 37 129 -1 -1 -1 -1 
4 2 273 403 155 126 -1 -1 -1 -1 
4 3 993 90 55 131 -1 -1 -1 -1 
4 4 575 186 126 76 -1 -1 -1 -1 
4 5 890 446 165 110 -1 -1 -1 -1 
4 6 652 394 88 108 -1 -1 -1 -1 
5 1 950 99 36 129 -1 -1 -1 -1 
5 2 273 403 154 126 -1 -1 -1 -1 
5 3 994 89 53 132 -1 -1 -1 -1 
5 4 575 186 126 76 -1 -1 -1 -1 
5 5 889 446 165 110 -1 -1 -1 -1 
5 6 652 393 88 109 -1 -1 -1 -1 
6 1 949 99 37 129 -1 -1 -1 -1 
6 2 273 403 154 126 -1 -1 -1 -1 
6 3 994 89 53 133 -1 -1 -1 -1 
6 4 575 186 126 76 -1 -1 -1 -1 
6 5 889 444 165 111 -1 -1 -1 -1 
6 6 652 393 88 109 -1 -1 -1 -1 
7 1 949 99 38 129 -1 -1 -1 -1 
7 2 274 402 153 128 -1 -1 -1 -1 
7 3 994 89 52 133 -1 -1 -1 -1 
7 4 575 186 126 76 -1 -1 -1 -1 
7 5 889 443 165 111 -1 -1 -1 -1 
7 6 651 393 89 109 -1 -1 -1 -1 
8 1 949 99 38 130 -1 -1 -1 -1 
8 2 274 402 153 128 -1 -1 -1 -1 
8 3 994 89 51 133 -1 -1 -1 -1 
8 4 575 186 126 76 -1 -1 -1 -1 
8 5 888 441 166 112 -1 -1 -1 -1 
8 6 651 392 89 110 -1 -1 -1 -1 
9 1 950 100 38 129 -1 -1 -1 -1 
9 2 274 402 153 128 -1 -1 -1 -1 
9 3 994 89 51 134 -1 -1 -1 -1 
9 4 575 186 126 76 -1 -1 -1 -1 
9 5 887 441 167 112 -1 -1 -1 -1 
9 6 651 392 88 110 -1 -1 -1 -1 
10 1 950 100 37 129 -1 -1 -1 -1 
10 2 274 401 153 129 -1 -1 -1 -1 
10 3 994 89 50 134 -1 -1 -1 -1 
10 4 575 186 126 76 -1 -1 -1 -1 
10 5 888 441 166 111 -1 -1 -1 -1 
10 6 651 392 87 109 -1 -1 -1 -1 
10 7 957 150 12 21 -1 -1 -1 -1 
11 1 950 100 37 129 -1 -1 -1 -1 
11 2 275 400 151 130 -1 -1 -1 -1 
11 3 995 89 49 134 -1 -1 -1 -1 
11 4 575 186 126 76 -1 -1 -1 -1 
11 5 887 439 167 113 -1 -1 -1 -1 
11 6 650 392 87 109 -1 -1 -1 -1 
11 7 957 150 12 21 -1 -1 -1 -1 
12 1 950 99 38 131 -1 -1 -1 -1 
12 2 276 400 150 130 -1 -1 -1 -1 
12 3 995 89 49 134 -1 -1 -1 -1 
12 4 575 186 126 77 -1 -1 -1 -1 
12 5 884 439 169 113 -1 -1 -1 -1 
12 6 650 391 86 110 -1 -1 -1 -1 
12 7 957 149 13 22 -1 -1 -1 -1 
12 8 955 126 21 73 -1 -1 -1 -1 
13 1 950 99 38 131 -1 -1 -1 -1 
13 2 278 399 147 133 -1 -1 -1 -1 
13 3 995 89 48 134 -1 -1 -1 -1 
13 4 575 186 126 77 -1 -1 -1 -1 
13 5 884 438 169 114 -1 -1 -1 -1 
13 6 650 391 83 110 -1 -1 -1 -1 
13 7 957 149 12 22 -1 -1 -1 -1 
13 8 954 124 22 77 -1 -1 -1 -1 
14 1 950 99 37 132 -1 -1 -1 -1 
14 2 281 398 145 134 -1 -1 -1 -1 
14 3 996 89 47 134 -1 -1 -1 -1 
14 4 575 185 126 78 -1 -1 -1 -1 
14 5 884 435 170 116 -1 -1 -1 -1 
14 6 650 391 79 110 -1 -1 -1 -1 
14 7 956 149 13 21 -1 -1 -1 -1 
14 8 954 122 22 82 -1 -1 -1 -1 
15 1 950 98 37 133 -1 -1 -1 -1 
15 2 282 398 144 134 -1 -1 -1 -1 
15 3 996 89 47 134 -1 -1 -1 -1 
15 4 575 185 126 78 -1 -1 -1 -1 
15 5 880 436 180 116 -1 -1 -1 -1 
15 6 650 391 77 111 -1 -1 -1 -1 
15 7 956 149 13 21 -1 -1 -1 -1 
15 8 954 124 22 77 -1 -1 -1 -1 
16 1 949 99 38 132 -1 -1 -1 -1 
16 2 287 397 139 135 -1 -1 -1 -1 
16 3 995 88 48 135 -1 -1 -1 -1 
16 4 575 186 126 76 -1 -1 -1 -1 
16 5 881 437 179 114 -1 -1 -1 -1 
16 6 650 391 76 111 -1 -1 -1 -1 
16 7 956 149 12 21 -1 -1 -1 -1 
16 8 953 121 23 84 -1 -1 -1 -1 
17 1 949 99 37 132 -1 -1 -1 -1 
17 2 290 397 137 136 -1 -1 -1 -1 
17 3 994 88 49 135 -1 -1 -1 -1 
17 4 575 186 126 76 -1 -1 -1 -1 
17 5 881 438 179 113 -1 -1 -1 -1 
17 6 650 391 76 111 -1 -1 -1 -1 
17 7 955 150 12 19 -1 -1 -1 -1 
17 8 952 114 26 99 -1 -1 -1 -1 
18 1 949 99 37 132 -1 -1 -1 -1 
18 2 295 397 132 136 -1 -1 -1 -1 
18 3 994 88 48 135 -1 -1 -1 -1 
18 4 575 186 126 76 -1 -1 -1 -1 
18 5 881 440 178 111 -1 -1 -1 -1 
18 6 650 392 77 110 -1 -1 -1 -1 
18 7 955 149 12 20 -1 -1 -1 -1 
18 8 952 114 26 98 -1 -1 -1 -1 
19 1 949 99 37 132 -1 -1 -1 -1 
19 2 302 398 124 133 -1 -1 -1 -1 
19 3 994 88 48 135 -1 -1 -1 -1 
19 4 575 186 126 76 -1 -1 -1 -1 
19 5 881 440 178 111 -1 -1 -1 -1 
19 6 651 392 76 110 -1 -1 -1 -1 
19 7 955 149 12 20 -1 -1 -1 -1 
19 8 951 113 27 100 -1 -1 -1 -1 
20 1 950 97 37 132 -1 -1 -1 -1 
20 2 303 398 123 133 -1 -1 -1 -1 
20 3 994 88 48 135 -1 -1 -1 -1 
20 4 575 186 126 76 -1 -1 -1 -1 
20 5 881 440 177 112 -1 -1 -1 -1 
20 6 651 392 76 110 -1 -1 -1 -1 
20 7 954 149 12 20 -1 -1 -1 -1 
20 8 950 107 30 113 -1 -1 -1 -1 
21 1 949 97 38 132 -1 -1 -1 -1 
21 2 306 398 120 133 -1 -1 -1 -1 
21 3 994 88 48 135 -1 -1 -1 -1 
21 4 575 186 126 76 -1 -1 -1 -1 
21 5 882 439 176 113 -1 -1 -1 -1 
21 6 651 393 77 109 -1 -1 -1 -1 
21 7 954 149 12 19 -1 -1 -1 -1 
22 1 949 97 37 131 -1 -1 -1 -1 
22 2 307 398 119 133 -1 -1 -1 -1 
22 3 993 87 49 136 -1 -1 -1 -1 
22 4 575 186 126 76 -1 -1 -1 -1 
22 5 882 439 175 113 -1 -1 -1 -1 
22 6 652 393 75 108 -1 -1 -1 -1 
22 7 953 149 12 20 -1 -1 -1 -1 
23 1 949 97 37 132 -1 -1 -1 -1 
23 2 308 398 118 133 -1 -1 -1 -1 
23 3 993 88 49 135 -1 -1 -1 -1 
23 4 575 186 126 76 -1 -1 -1 -1 
23 5 882 438 175 113 -1 -1 -1 -1 
23 6 652 393 75 108 -1 -1 -1 -1 
23 7 953 149 12 20 -1 -1 -1 -1 
24 1 948 97 38 132 -1 -1 -1 -1 
24 2 310 398 116 133 -1 -1 -1 -1 
24 3 993 88 49 135 -1 -1 -1 -1 
24 4 575 186 126 76 -1 -1 -1 -1 
24 5 881 438 176 113 -1 -1 -1 -1 
24 6 652 393 75 108 -1 -1 -1 -1 
24 7 952 150 12 18 -1 -1 -1 -1 
25 1 948 98 38 131 -1 -1 -1 -1 
25 2 311 398 115 133 -1 -1 -1 -1 
25 3 993 88 49 135 -1 -1 -1 -1 
25 4 575 186 126 76 -1 -1 -1 -1 
25 5 881 438 175 113 -1 -1 -1 -1 
25 6 652 393 75 107 -1 -1 -1 -1 
25 7 952 150 12 18 -1 -1 -1 -1 
26 1 948 98 38 130 -1 -1 -1 -1 
26 2 312 397 114 134 -1 -1 -1 -1 
26 3 993 88 49 135 -1 -1 -1 -1 
26 4 575 186 126 76 -1 -1 -1 -1 
26 5 881 438 175 113 -1 -1 -1 -1 
26 6 653 394 73 106 -1 -1 -1 -1 
26 7 952 150 12 19 -1 -1 -1 -1 
27 1 946 98 39 133 -1 -1 -1 -1 
27 2 312 397 114 134 -1 -1 -1 -1 
27 3 993 88 49 135 -1 -1 -1 -1 
27 4 575 186 126 76 -1 -1 -1 -1 
27 5 881 437 175 114 -1 -1 -1 -1 
27 6 652 394 74 106 -1 -1 -1 -1 
27 7 952 150 12 19 -1 -1 -1 -1 
28 1 946 98 39 133 -1 -1 -1 -1 
28 2 312 397 114 134 -1 -1 -1 -1 
28 3 993 88 49 135 -1 -1 -1 -1 
28 4 575 186 126 76 -1 -1 -1 -1 
28 5 881 437 175 114 -1 -1 -1 -1 
28 6 653 394 73 106 -1 -1 -1 -1 
28 7 952 150 10 18 -1 -1 -1 -1 
29 1 945 98 40 133 -1 -1 -1 -1 
29 2 312 398 114 133 -1 -1 -1 -1 
29 3 992 88 50 135 -1 -1 -1 -1 
29 4 575 186 126 76 -1 -1 -1 -1 
29 5 881 437 175 114 -1 -1 -1 -1 
29 6 654 394 72 106 -1 -1 -1 -1 
29 7 952 150 10 18 -1 -1 -1 -1 
30 1 945 99 41 132 -1 -1 -1 -1 
30 2 312 398 114 133 -1 -1 -1 -1 
30 3 992 88 50 135 -1 -1 -1 -1 
30 4 575 186 126 76 -1 -1 -1 -1 
30 5 881 437 175 114 -1 -1 -1 -1 
30 6 654 394 72 106 -1 -1 -1 -1 
30 7 952 150 10 19 -1 -1 -1 -1 
31 1 945 99 42 132 -1 -1 -1 -1 
31 2 312 398 114 133 -1 -1 -1 -1 
31 3 992 88 50 135 -1 -1 -1 -1 
31 4 575 186 126 76 -1 -1 -1 -1 
31 5 881 437 175 114 -1 -1 -1 -1 
31 6 654 394 72 105 -1 -1 -1 -1 
31 7 952 150 10 19 -1 -1 -1 -1 
32 1 945 99 42 132 -1 -1 -1 -1 
32 2 313 397 113 134 -1 -1 -1 -1 
32 3 993 88 49 135 -1 -1 -1 -1 
32 4 575 186 126 76 -1 -1 -1 -1 
32 5 882 437 175 114 -1 -1 -1 -1 
32 6 654 394 72 105 -1 -1 -1 -1 
32 7 952 150 10 19 -1 -1 -1 -1 
33 1 945 99 42 132 -1 -1 -1 -1 
33 2 313 397 113 134 -1 -1 -1 -1 
33 3 993 88 49 135 -1 -1 -1 -1 
33 4 575 186 126 77 -1 -1 -1 -1 
33 5 882 437 175 114 -1 -1 -1 -1 
33 6 655 394 71 105 -1 -1 -1 -1 
33 7 952 150 10 18 -1 -1 -1 -1 
34 1 946 98 42 131 -1 -1 -1 -1 
34 2 313 397 113 134 -1 -1 -1 -1 
34 3 993 88 49 135 -1 -1 -1 -1 
34 4 575 186 126 77 -1 -1 -1 -1 
34 5 881 437 176 114 -1 -1 -1 -1 
34 6 655 394 71 105 -1 -1 -1 -1 
34 7 952 150 10 18 -1 -1 -1 -1 
35 1 946 98 41 130 -1 -1 -1 -1 
35 2 312 397 114 134 -1 -1 -1 -1 
35 3 994 88 48 135 -1 -1 -1 -1 
35 4 575 186 126 76 -1 -1 -1 -1 
35 5 881 437 176 114 -1 -1 -1 -1 
35 6 656 394 70 106 -1 -1 -1 -1 
35 7 952 150 10 18 -1 -1 -1 -1 
36 1 946 98 40 130 -1 -1 -1 -1 
36 2 311 397 115 134 -1 -1 -1 -1 
36 3 994 88 48 135 -1 -1 -1 -1 
36 4 575 186 126 76 -1 -1 -1 -1 
36 5 881 437 175 114 -1 -1 -1 -1 
36 6 657 394 69 106 -1 -1 -1 -1 
36 7 952 150 10 18 -1 -1 -1 -1 
37 1 946 98 39 130 -1 -1 -1 -1 
37 2 310 397 116 134 -1 -1 -1 -1 
37 3 994 88 48 136 -1 -1 -1 -1 
37 4 575 186 126 76 -1 -1 -1 -1 
37 5 881 437 175 114 -1 -1 -1 -1 
37 6 657 394 68 106 -1 -1 -1 -1 
37 7 952 149 10 19 -1 -1 -1 -1 
38 1 947 98 38 130 -1 -1 -1 -1 
38 2 310 397 116 134 -1 -1 -1 -1 
38 3 995 88 47 135 -1 -1 -1 -1 
38 4 575 186 126 76 -1 -1 -1 -1 
38 5 881 437 176 114 -1 -1 -1 -1 
38 6 657 394 68 106 -1 -1 -1 -1 
38 7 952 149 10 19 -1 -1 -1 -1 
39 1 947 97 38 131 -1 -1 -1 -1 
39 2 310 397 115 134 -1 -1 -1 -1 
39 3 995 88 47 136 -1 -1 -1 -1 
39 4 575 186 126 77 -1 -1 -1 -1 
39 5 881 438 176 113 -1 -1 -1 -1 
39 6 656 394 68 107 -1 -1 -1 -1 
39 7 951 150 12 18 -1 -1 -1 -1 
40 1 947 97 38 131 -1 -1 -1 -1 
40 2 311 397 114 134 -1 -1 -1 -1 
40 3 996 88 46 136 -1 -1 -1 -1 
40 4 575 186 126 76 -1 -1 -1 -1 
40 5 881 437 175 114 -1 -1 -1 -1 
40 6 656 393 68 108 -1 -1 -1 -1 
40 7 952 150 11 18 -1 -1 -1 -1 
41 1 948 97 37 131 -1 -1 -1 -1 
41 2 311 398 115 134 -1 -1 -1 -1 
41 3 995 88 46 135 -1 -1 -1 -1 
41 4 575 186 126 76 -1 -1 -1 -1 
41 5 881 437 175 114 -1 -1 -1 -1 
41 6 656 393 68 108 -1 -1 -1 -1 
41 7 952 150 12 19 -1 -1 -1 -1 
42 1 948 97 37 131 -1 -1 -1 -1 
42 2 311 398 115 134 -1 -1 -1 -1 
42 3 996 89 45 134 -1 -1 -1 -1 
42 4 575 186 126 76 -1 -1 -1 -1 
42 5 881 437 175 114 -1 -1 -1 -1 
42 6 656 393 67 108 -1 -1 -1 -1 
42 7 952 150 12 19 -1 -1 -1 -1 
43 1 949 98 36 129 -1 -1 -1 -1 
43 2 311 398 115 134 -1 -1 -1 -1 
43 3 996 89 45 134 -1 -1 -1 -1 
43 4 575 186 126 76 -1 -1 -1 -1 
43 5 881 437 175 114 -1 -1 -1 -1 
43 6 656 393 67 108 -1 -1 -1 -1 
43 7 953 149 12 20 -1 -1 -1 -1 
44 1 949 97 38 130 -1 -1 -1 -1 
44 2 311 399 115 133 -1 -1 -1 -1 
44 3 996 89 45 134 -1 -1 -1 -1 
44 4 575 186 126 76 -1 -1 -1 -1 
44 5 881 438 175 113 -1 -1 -1 -1 
44 6 655 393 68 108 -1 -1 -1 -1 
44 7 954 148 12 21 -1 -1 -1 -1 
44 8 951 120 25 85 -1 -1 -1 -1 
45 1 950 98 37 129 -1 -1 -1 -1 
45 2 311 399 115 133 -1 -1 -1 -1 
45 3 996 89 45 134 -1 -1 -1 -1 
45 4 575 186 126 76 -1 -1 -1 -1 
45 5 881 438 175 113 -1 -1 -1 -1 
45 6 655 394 68 107 -1 -1 -1 -1 
45 7 954 149 13 20 -1 -1 -1 -1 
45 8 951 116 27 93 -1 -1 -1 -1 
46 1 949 100 37 130 -1 -1 -1 -1 
46 2 310 400 116 132 -1 -1 -1 -1 
46 3 996 89 45 134 -1 -1 -1 -1 
46 4 575 186 126 76 -1 -1 -1 -1 
46 5 881 438 175 113 -1 -1 -1 -1 
46 6 655 393 68 108 -1 -1 -1 -1 
46 7 955 149 12 20 -1 -1 -1 -1 
46 8 951 110 29 106 -1 -1 -1 -1 
47 1 949 100 37 131 -1 -1 -1 -1 
47 2 310 400 116 132 -1 -1 -1 -1 
47 3 995 89 46 134 -1 -1 -1 -1 
47 4 575 186 125 76 -1 -1 -1 -1 
47 5 881 438 175 113 -1 -1 -1 -1 
47 6 656 393 67 108 -1 -1 -1 -1 
47 7 955 150 12 19 -1 -1 -1 -1 
47 8 950 107 31 113 -1 -1 -1 -1 
48 1 949 100 38 131 -1 -1 -1 -1 
48 2 309 400 117 132 -1 -1 -1 -1 
48 3 995 89 46 134 -1 -1 -1 -1 
48 4 575 186 125 76 -1 -1 -1 -1 
48 5 881 438 175 113 -1 -1 -1 -1 
48 6 656 393 66 108 -1 -1 -1 -1 
48 7 956 150 12 20 -1 -1 -1 -1 
48 8 952 111 28 105 -1 -1 -1 -1 
49 1 950 100 37 131 -1 -1 -1 -1 
49 2 309 400 117 131 -1 -1 -1 -1 
49 3 995 89 46 134 -1 -1 -1 -1 
49 4 575 186 126 76 -1 -1 -1 -1 
49 5 881 438 176 113 -1 -1 -1 -1 
49 6 656 393 66 108 -1 -1 -1 -1 
50 1 950 100 38 131 -1 -1 -1 -1 
50 2 308 401 118 130 -1 -1 -1 -1 
50 3 995 89 46 134 -1 -1 -1 -1 
50 4 575 186 125 76 -1 -1 -1 -1 
50 5 881 438 176 113 -1 -1 -1 -1 
51 1 951 100 38 131 -1 -1 -1 -1 
51 2 307 401 119 130 -1 -1 -1 -1 
51 3 995 89 46 135 -1 -1 -1 -1 
51 4 575 186 125 76 -1 -1 -1 -1 
51 5 881 438 176 113 -1 -1 -1 -1 
52 1 951 99 38 132 -1 -1 -1 -1 
52 2 305 401 121 130 -1 -1 -1 -1 
52 3 994 89 47 135 -1 -1 -1 -1 
52 4 575 186 125 76 -1 -1 -1 -1 
52 5 881 438 176 113 -1 -1 -1 -1 
53 1 951 99 38 132 -1 -1 -1 -1 
53 2 305 400 120 131 -1 -1 -1 -1 
53 3 995 89 46 135 -1 -1 -1 -1 
53 4 575 186 125 76 -1 -1 -1 -1 
53 5 881 438 175 113 -1 -1 -1 -1 
54 1 952 100 37 131 -1 -1 -1 -1 
54 2 303 400 122 131 -1 -1 -1 -1 
54 3 995 89 46 135 -1 -1 -1 -1 
54 4 575 186 125 76 -1 -1 -1 -1 
54 5 881 438 175 113 -1 -1 -1 -1 
55 1 952 100 37 132 -1 -1 -1 -1 
55 2 302 400 123 130 -1 -1 -1 -1 
55 3 995 89 46 135 -1 -1 -1 -1 
55 4 575 186 125 76 -1 -1 -1 -1 
55 5 881 438 175 113 -1 -1 -1 -1 
56 1 952 100 37 132 -1 -1 -1 -1 
56 2 301 400 126 131 -1 -1 -1 -1 
56 3 995 89 46 135 -1 -1 -1 -1 
56 4 575 186 125 76 -1 -1 -1 -1 
56 5 881 439 176 112 -1 -1 -1 -1 
57 1 953 100 36 132 -1 -1 -1 -1 
57 2 299 399 127 131 -1 -1 -1 -1 
57 3 995 89 46 135 -1 -1 -1 -1 
57 4 575 187 125 75 -1 -1 -1 -1 
57 5 881 439 176 112 -1 -1 -1 -1 
58 1 953 100 36 132 -1 -1 -1 -1 
58 2 298 399 128 131 -1 -1 -1 -1 
58 3 995 89 46 135 -1 -1 -1 -1 
58 4 575 187 125 75 -1 -1 -1 -1 
58 5 882 440 174 111 -1 -1 -1 -1 
59 1 953 100 36 132 -1 -1 -1 -1 
59 2 297 399 129 131 -1 -1 -1 -1 
59 3 995 89 46 135 -1 -1 -1 -1 
59 4 575 187 126 75 -1 -1 -1 -1 
59 5 884 440 173 111 -1 -1 -1 -1 
60 1 953 100 36 132 -1 -1 -1 -1 
60 2 296 398 129 132 -1 -1 -1 -1 
60 3 995 89 46 135 -1 -1 -1 -1 
60 4 575 187 126 75 -1 -1 -1 -1 
60 5 887 440 169 111 -1 -1 -1 -1 
61 1 953 100 37 132 -1 -1 -1 -1 
61 2 294 397 131 133 -1 -1 -1 -1 
61 3 996 89 45 135 -1 -1 -1 -1 
61 4 575 187 125 75 -1 -1 -1 -1 
61 5 891 440 161 110 -1 -1 -1 -1 
62 1 953 100 37 132 -1 -1 -1 -1 
62 2 293 397 132 134 -1 -1 -1 -1 
62 3 996 89 45 136 -1 -1 -1 -1 
62 4 575 187 125 75 -1 -1 -1 -1 
62 5 894 438 158 112 -1 -1 -1 -1 
63 1 954 100 36 132 -1 -1 -1 -1 
63 2 289 396 136 135 -1 -1 -1 -1 
63 3 996 88 45 137 -1 -1 -1 -1 
63 4 575 186 125 76 -1 -1 -1 -1 
63 5 898 437 154 113 -1 -1 -1 -1 
64 1 954 100 36 132 -1 -1 -1 -1 
64 2 286 396 139 135 -1 -1 -1 -1 
64 3 996 88 45 137 -1 -1 -1 -1 
64 4 575 186 125 76 -1 -1 -1 -1 
64 5 899 438 153 114 -1 -1 -1 -1 
65 1 954 100 36 132 -1 -1 -1 -1 
65 2 284 395 141 135 -1 -1 -1 -1 
65 3 996 88 45 137 -1 -1 -1 -1 
65 4 575 186 125 76 -1 -1 -1 -1 
65 5 897 439 156 116 -1 -1 -1 -1 
66 1 954 101 36 131 -1 -1 -1 -1 
66 2 283 395 142 135 -1 -1 -1 -1 
66 3 996 88 45 137 -1 -1 -1 -1 
66 4 575 187 125 75 -1 -1 -1 -1 
66 5 897 439 156 116 -1 -1 -1 -1 
67 1 954 101 36 131 -1 -1 -1 -1 
67 2 279 395 146 135 -1 -1 -1 -1 
67 3 996 88 45 137 -1 -1 -1 -1 
67 4 575 187 125 75 -1 -1 -1 -1 
67 5 897 439 157 117 -1 -1 -1 -1 
68 1 954 101 36 131 -1 -1 -1 -1 
68 2 280 395 145 135 -1 -1 -1 -1 
68 3 996 88 45 137 -1 -1 -1 -1 
68 4 575 187 125 75 -1 -1 -1 -1 
68 5 897 440 157 117 -1 -1 -1 -1 
69 1 954 101 36 130 -1 -1 -1 -1 
69 2 279 395 146 135 -1 -1 -1 -1 
69 3 996 88 45 137 -1 -1 -1 -1 
69 4 575 186 125 76 -1 -1 -1 -1 
69 5 897 440 157 118 -1 -1 -1 -1 
69 6 655 391 75 109 -1 -1 -1 -1 
70 1 953 101 37 130 -1 -1 -1 -1 
70 2 279 395 146 135 -1 -1 -1 -1 
70 3 996 88 45 137 -1 -1 -1 -1 
70 4 575 187 126 75 -1 -1 -1 -1 
70 5 897 441 158 117 -1 -1 -1 -1 
70 6 654 392 76 108 -1 -1 -1 -1 
71 1 953 101 36 130 -1 -1 -1 -1 
71 2 279 395 146 135 -1 -1 -1 -1 
71 3 995 88 46 136 -1 -1 -1 -1 
71 4 575 187 125 75 -1 -1 -1 -1 
71 5 897 442 158 117 -1 -1 -1 -1 
71 6 655 393 75 108 -1 -1 -1 -1 
72 1 953 100 36 131 -1 -1 -1 -1 
72 2 279 396 147 134 -1 -1 -1 -1 
72 3 994 88 47 136 -1 -1 -1 -1 
72 4 575 186 126 76 -1 -1 -1 -1 
72 5 897 444 158 116 -1 -1 -1 -1 
72 6 655 393 76 108 -1 -1 -1 -1 
73 1 953 101 35 130 -1 -1 -1 -1 
73 2 279 396 147 134 -1 -1 -1 -1 
73 3 994 88 47 136 -1 -1 -1 -1 
73 4 575 186 126 76 -1 -1 -1 -1 
73 5 897 445 158 115 -1 -1 -1 -1 
73 6 655 393 76 108 -1 -1 -1 -1 
74 1 953 101 35 130 -1 -1 -1 -1 
74 2 279 396 147 135 -1 -1 -1 -1 
74 3 994 88 47 136 -1 -1 -1 -1 
74 4 575 186 126 76 -1 -1 -1 -1 
74 5 898 446 157 113 -1 -1 -1 -1 
74 6 655 394 75 107 -1 -1 -1 -1 
75 1 953 101 35 130 -1 -1 -1 -1 
75 2 279 396 147 134 -1 -1 -1 -1 
75 3 994 88 47 136 -1 -1 -1 -1 
75 4 575 186 126 76 -1 -1 -1 -1 
75 5 898 447 157 113 -1 -1 -1 -1 
75 6 655 394 75 107 -1 -1 -1 -1 
76 1 953 101 35 130 -1 -1 -1 -1 
76 2 279 397 147 134 -1 -1 -1 -1 
76 3 994 88 47 136 -1 -1 -1 -1 
76 4 575 186 126 76 -1 -1 -1 -1 
76 5 898 449 157 110 -1 -1 -1 -1 
76 6 654 394 76 107 -1 -1 -1 -1 
77 1 952 100 37 131 -1 -1 -1 -1 
77 2 279 397 147 134 -1 -1 -1 -1 
77 3 994 89 47 135 -1 -1 -1 -1 
77 4 575 186 126 76 -1 -1 -1 -1 
77 5 898 451 156 109 -1 -1 -1 -1 
77 6 654 394 77 107 -1 -1 -1 -1 
78 1 952 100 37 131 -1 -1 -1 -1 
78 2 279 397 148 134 -1 -1 -1 -1 
78 3 994 88 47 136 -1 -1 -1 -1 
78 4 575 186 126 76 -1 -1 -1 -1 
78 5 898 453 156 107 -1 -1 -1 -1 
78 6 654 394 77 108 -1 -1 -1 -1 
79 1 952 100 37 131 -1 -1 -1 -1 
79 2 279 397 148 134 -1 -1 -1 -1 
79 3 994 88 47 136 -1 -1 -1 -1 
79 4 575 186 126 76 -1 -1 -1 -1 
79 5 898 453 156 107 -1 -1 -1 -1 
79 6 654 394 77 108 -1 -1 -1 -1 
80 1 951 100 38 131 -1 -1 -1 -1 
80 2 280 397 147 134 -1 -1 -1 -1 
80 3 993 88 48 136 -1 -1 -1 -1 
80 4 575 186 126 76 -1 -1 -1 -1 
80 5 899 454 154 106 -1 -1 -1 -1 
80 6 653 394 78 108 -1 -1 -1 -1 
81 1 951 100 37 131 -1 -1 -1 -1 
81 2 280 397 146 133 -1 -1 -1 -1 
81 3 994 88 47 136 -1 -1 -1 -1 
81 4 575 186 126 76 -1 -1 -1 -1 
81 5 899 454 154 106 -1 -1 -1 -1 
81 6 653 394 78 108 -1 -1 -1 -1 
82 1 950 100 38 131 -1 -1 -1 -1 
82 2 280 397 146 133 -1 -1 -1 -1 
82 3 994 88 47 136 -1 -1 -1 -1 
82 4 575 186 126 76 -1 -1 -1 -1 
82 5 899 454 155 106 -1 -1 -1 -1 
82 6 653 394 78 108 -1 -1 -1 -1 
83 1 950 101 37 129 -1 -1 -1 -1 
83 2 279 397 147 133 -1 -1 -1 -1 
83 3 994 88 47 136 -1 -1 -1 -1 
83 4 575 186 126 76 -1 -1 -1 -1 
83 5 899 454 155 106 -1 -1 -1 -1 
83 6 653 394 78 108 -1 -1 -1 -1 
