3 1 949 99 37 129 -1 -1 -1 -1 
3 2 273 403 155 126 -1 -1 -1 -1 
3 3 993 90 55 131 -1 -1 -1 -1 
3 4 575 186 126 76 -1 -1 -1 -1 
3 5 890 446 165 110 -1 -1 -1 -1 
3 6 652 394 88 108 -1 -1 -1 -1 
4 1 949 99 37 129 -1 -1 -1 -1 
4 2 273 403 154 126 -1 -1 -1 -1 
4 3 994 89 53 132 -1 -1 -1 -1 
4 4 575 186 126 76 -1 -1 -1 -1 
4 5 889 446 165 110 -1 -1 -1 -1 
4 6 652 393 88 109 -1 -1 -1 -1 
5 1 949 99 37 129 -1 -1 -1 -1 
5 2 273 403 154 126 -1 -1 -1 -1 
5 3 994 89 53 133 -1 -1 -1 -1 
5 4 575 186 126 76 -1 -1 -1 -1 
5 5 889 444 165 111 -1 -1 -1 -1 
5 6 652 393 88 109 -1 -1 -1 -1 
6 1 949 99 38 129 -1 -1 -1 -1 
6 2 274 402 153 128 -1 -1 -1 -1 
6 3 994 89 52 133 -1 -1 -1 -1 
6 4 575 186 126 76 -1 -1 -1 -1 
6 5 889 443 165 111 -1 -1 -1 -1 
6 6 651 393 89 109 -1 -1 -1 -1 
7 1 949 99 38 130 -1 -1 -1 -1 
7 2 274 402 153 128 -1 -1 -1 -1 
7 3 994 89 51 133 -1 -1 -1 -1 
7 4 575 186 126 76 -1 -1 -1 -1 
7 5 888 441 166 112 -1 -1 -1 -1 
7 6 651 392 89 110 -1 -1 -1 -1 
8 1 950 100 38 129 -1 -1 -1 -1 
8 2 274 401 153 129 -1 -1 -1 -1 
8 3 994 89 51 134 -1 -1 -1 -1 
8 4 575 186 126 76 -1 -1 -1 -1 
8 5 887 441 167 112 -1 -1 -1 -1 
8 6 651 392 88 110 -1 -1 -1 -1 
9 1 950 100 37 129 -1 -1 -1 -1 
9 2 274 401 153 129 -1 -1 -1 -1 
9 3 994 89 50 134 -1 -1 -1 -1 
9 4 575 186 126 76 -1 -1 -1 -1 
9 5 888 441 166 111 -1 -1 -1 -1 
9 6 651 392 87 109 -1 -1 -1 -1 
9 7 957 150 12 21 -1 -1 -1 -1 
