3 1 949 99 37 129 -1 -1 -1 -1 
3 2 273 403 155 126 -1 -1 -1 -1 
3 3 993 90 55 131 -1 -1 -1 -1 
3 4 575 186 126 76 -1 -1 -1 -1 
3 5 890 446 165 110 -1 -1 -1 -1 
3 6 652 394 88 108 -1 -1 -1 -1 
4 1 949 99 37 129 -1 -1 -1 -1 
4 2 273 403 154 126 -1 -1 -1 -1 
4 3 994 89 53 132 -1 -1 -1 -1 
4 4 575 186 126 76 -1 -1 -1 -1 
4 5 889 446 165 110 -1 -1 -1 -1 
4 6 652 393 88 109 -1 -1 -1 -1 
5 1 949 99 37 129 -1 -1 -1 -1 
5 2 273 403 154 126 -1 -1 -1 -1 
5 3 994 89 53 133 -1 -1 -1 -1 
5 4 575 186 126 76 -1 -1 -1 -1 
5 5 889 444 165 111 -1 -1 -1 -1 
5 6 652 393 88 109 -1 -1 -1 -1 
6 1 949 99 38 129 -1 -1 -1 -1 
6 2 274 402 153 128 -1 -1 -1 -1 
6 3 994 89 52 133 -1 -1 -1 -1 
6 4 575 186 126 76 -1 -1 -1 -1 
6 5 889 443 165 111 -1 -1 -1 -1 
6 6 651 393 89 109 -1 -1 -1 -1 
7 1 949 99 38 130 -1 -1 -1 -1 
7 2 274 402 153 128 -1 -1 -1 -1 
7 3 994 89 51 133 -1 -1 -1 -1 
7 4 575 186 126 76 -1 -1 -1 -1 
7 5 888 441 166 112 -1 -1 -1 -1 
7 6 651 392 89 110 -1 -1 -1 -1 
8 1 950 100 38 129 -1 -1 -1 -1 
8 2 274 401 153 129 -1 -1 -1 -1 
8 3 994 89 51 134 -1 -1 -1 -1 
8 4 575 186 126 76 -1 -1 -1 -1 
8 5 887 441 167 112 -1 -1 -1 -1 
8 6 651 392 88 110 -1 -1 -1 -1 
9 1 950 100 37 129 -1 -1 -1 -1 
9 2 274 401 153 129 -1 -1 -1 -1 
9 3 994 89 50 134 -1 -1 -1 -1 
9 4 575 186 126 76 -1 -1 -1 -1 
9 5 888 441 166 111 -1 -1 -1 -1 
9 6 651 392 87 109 -1 -1 -1 -1 
9 7 957 150 12 21 -1 -1 -1 -1 
10 1 950 100 37 129 -1 -1 -1 -1 
10 2 275 400 151 130 -1 -1 -1 -1 
10 3 995 89 49 134 -1 -1 -1 -1 
10 4 575 186 126 76 -1 -1 -1 -1 
10 5 887 439 167 113 -1 -1 -1 -1 
10 6 650 392 87 109 -1 -1 -1 -1 
10 7 957 150 12 21 -1 -1 -1 -1 
11 1 950 99 38 131 -1 -1 -1 -1 
11 2 276 400 150 130 -1 -1 -1 -1 
11 3 995 89 49 134 -1 -1 -1 -1 
11 4 575 186 126 77 -1 -1 -1 -1 
11 5 884 439 169 113 -1 -1 -1 -1 
11 6 650 391 86 110 -1 -1 -1 -1 
11 7 957 149 13 22 -1 -1 -1 -1 
11 8 955 126 21 73 -1 -1 -1 -1 
12 1 950 99 38 131 -1 -1 -1 -1 
12 2 278 399 147 133 -1 -1 -1 -1 
12 3 995 89 48 134 -1 -1 -1 -1 
12 4 575 186 126 77 -1 -1 -1 -1 
12 5 884 438 169 114 -1 -1 -1 -1 
12 6 650 391 83 110 -1 -1 -1 -1 
12 7 957 149 12 22 -1 -1 -1 -1 
12 8 954 124 22 78 -1 -1 -1 -1 
13 1 950 99 37 132 -1 -1 -1 -1 
13 2 281 398 145 134 -1 -1 -1 -1 
13 3 996 89 47 134 -1 -1 -1 -1 
13 4 575 185 126 78 -1 -1 -1 -1 
13 5 884 435 170 116 -1 -1 -1 -1 
13 6 650 391 79 110 -1 -1 -1 -1 
13 7 956 149 13 21 -1 -1 -1 -1 
13 8 954 122 22 82 -1 -1 -1 -1 
14 1 950 98 37 133 -1 -1 -1 -1 
14 2 282 398 144 134 -1 -1 -1 -1 
14 3 996 89 47 134 -1 -1 -1 -1 
14 4 575 185 126 78 -1 -1 -1 -1 
14 5 880 436 180 116 -1 -1 -1 -1 
14 6 650 391 77 111 -1 -1 -1 -1 
14 7 956 149 13 21 -1 -1 -1 -1 
14 8 954 124 22 77 -1 -1 -1 -1 
15 1 949 99 38 132 -1 -1 -1 -1 
15 2 287 397 139 135 -1 -1 -1 -1 
15 3 995 88 48 135 -1 -1 -1 -1 
15 4 575 186 126 76 -1 -1 -1 -1 
15 5 881 437 179 115 -1 -1 -1 -1 
15 6 650 391 76 111 -1 -1 -1 -1 
15 7 956 149 12 21 -1 -1 -1 -1 
15 8 953 120 23 85 -1 -1 -1 -1 
16 1 949 99 37 132 -1 -1 -1 -1 
16 2 290 397 137 136 -1 -1 -1 -1 
16 3 994 88 49 135 -1 -1 -1 -1 
16 4 575 186 126 76 -1 -1 -1 -1 
16 5 881 438 179 113 -1 -1 -1 -1 
16 6 650 391 76 111 -1 -1 -1 -1 
16 7 955 150 12 19 -1 -1 -1 -1 
16 8 952 114 26 99 -1 -1 -1 -1 
17 1 949 99 37 132 -1 -1 -1 -1 
17 2 295 397 132 136 -1 -1 -1 -1 
17 3 994 88 48 135 -1 -1 -1 -1 
17 4 575 186 126 76 -1 -1 -1 -1 
17 5 881 440 178 111 -1 -1 -1 -1 
17 6 650 392 77 110 -1 -1 -1 -1 
17 7 955 149 12 20 -1 -1 -1 -1 
17 8 952 114 26 98 -1 -1 -1 -1 
18 1 949 99 37 132 -1 -1 -1 -1 
18 2 302 398 124 133 -1 -1 -1 -1 
18 3 994 88 48 135 -1 -1 -1 -1 
18 4 575 186 126 76 -1 -1 -1 -1 
18 5 881 440 178 112 -1 -1 -1 -1 
18 6 651 392 76 110 -1 -1 -1 -1 
18 7 955 149 12 20 -1 -1 -1 -1 
18 8 951 113 27 100 -1 -1 -1 -1 
19 1 950 97 37 132 -1 -1 -1 -1 
19 2 303 398 123 133 -1 -1 -1 -1 
19 3 994 88 48 135 -1 -1 -1 -1 
19 4 575 186 126 76 -1 -1 -1 -1 
19 5 881 440 177 112 -1 -1 -1 -1 
19 6 651 392 76 110 -1 -1 -1 -1 
19 7 954 149 12 20 -1 -1 -1 -1 
19 8 950 107 30 113 -1 -1 -1 -1 
