4 1 949 99 37 129 -1 -1 -1 -1 
4 2 273 403 155 126 -1 -1 -1 -1 
4 3 993 90 55 131 -1 -1 -1 -1 
4 4 575 186 126 76 -1 -1 -1 -1 
4 5 890 446 165 110 -1 -1 -1 -1 
4 6 652 394 88 108 -1 -1 -1 -1 
5 1 950 99 36 129 -1 -1 -1 -1 
5 2 273 403 154 126 -1 -1 -1 -1 
5 3 994 89 53 132 -1 -1 -1 -1 
5 4 575 186 126 76 -1 -1 -1 -1 
5 5 889 446 165 110 -1 -1 -1 -1 
5 6 652 393 88 109 -1 -1 -1 -1 
6 1 949 99 37 129 -1 -1 -1 -1 
6 2 273 403 154 126 -1 -1 -1 -1 
6 3 994 89 53 133 -1 -1 -1 -1 
6 4 575 186 126 76 -1 -1 -1 -1 
6 5 889 444 165 111 -1 -1 -1 -1 
6 6 652 393 88 109 -1 -1 -1 -1 
7 1 949 99 38 129 -1 -1 -1 -1 
7 2 274 402 153 128 -1 -1 -1 -1 
7 3 994 89 52 133 -1 -1 -1 -1 
7 4 575 186 126 76 -1 -1 -1 -1 
7 5 889 443 165 111 -1 -1 -1 -1 
7 6 651 393 89 109 -1 -1 -1 -1 
8 1 949 99 38 130 -1 -1 -1 -1 
8 2 274 402 153 128 -1 -1 -1 -1 
8 3 994 89 51 133 -1 -1 -1 -1 
8 4 575 186 126 76 -1 -1 -1 -1 
8 5 888 441 166 112 -1 -1 -1 -1 
8 6 651 392 89 110 -1 -1 -1 -1 
9 1 950 100 38 129 -1 -1 -1 -1 
9 2 274 402 153 128 -1 -1 -1 -1 
9 3 994 89 51 134 -1 -1 -1 -1 
9 4 575 186 126 76 -1 -1 -1 -1 
9 5 887 441 167 112 -1 -1 -1 -1 
9 6 651 392 88 110 -1 -1 -1 -1 
10 1 950 100 37 129 -1 -1 -1 -1 
10 2 274 401 153 129 -1 -1 -1 -1 
10 3 994 89 50 134 -1 -1 -1 -1 
10 4 575 186 126 76 -1 -1 -1 -1 
10 5 888 441 166 111 -1 -1 -1 -1 
10 6 651 392 87 109 -1 -1 -1 -1 
10 7 957 150 12 21 -1 -1 -1 -1 
11 1 950 100 37 129 -1 -1 -1 -1 
11 2 275 400 151 130 -1 -1 -1 -1 
11 3 995 89 49 134 -1 -1 -1 -1 
11 4 575 186 126 76 -1 -1 -1 -1 
11 5 887 439 167 113 -1 -1 -1 -1 
11 6 650 392 87 109 -1 -1 -1 -1 
11 7 957 150 12 21 -1 -1 -1 -1 
12 1 950 99 38 131 -1 -1 -1 -1 
12 2 276 400 150 130 -1 -1 -1 -1 
12 3 995 89 49 134 -1 -1 -1 -1 
12 4 575 186 126 77 -1 -1 -1 -1 
12 5 884 439 169 113 -1 -1 -1 -1 
12 6 650 391 86 110 -1 -1 -1 -1 
12 7 957 149 13 22 -1 -1 -1 -1 
12 8 955 126 21 73 -1 -1 -1 -1 
13 1 950 99 38 131 -1 -1 -1 -1 
13 2 278 399 147 133 -1 -1 -1 -1 
13 3 995 89 48 134 -1 -1 -1 -1 
13 4 575 186 126 77 -1 -1 -1 -1 
13 5 884 438 169 114 -1 -1 -1 -1 
13 6 650 391 83 110 -1 -1 -1 -1 
13 7 957 149 12 22 -1 -1 -1 -1 
13 8 954 124 22 77 -1 -1 -1 -1 
14 1 950 99 37 132 -1 -1 -1 -1 
14 2 281 398 145 134 -1 -1 -1 -1 
14 3 996 89 47 134 -1 -1 -1 -1 
14 4 575 185 126 78 -1 -1 -1 -1 
14 5 884 435 170 116 -1 -1 -1 -1 
14 6 650 391 79 110 -1 -1 -1 -1 
14 7 956 149 13 21 -1 -1 -1 -1 
14 8 954 122 22 82 -1 -1 -1 -1 
15 1 950 98 37 133 -1 -1 -1 -1 
15 2 282 398 144 134 -1 -1 -1 -1 
15 3 996 89 47 134 -1 -1 -1 -1 
15 4 575 185 126 78 -1 -1 -1 -1 
15 5 880 436 180 116 -1 -1 -1 -1 
15 6 650 391 77 111 -1 -1 -1 -1 
15 7 956 149 13 21 -1 -1 -1 -1 
15 8 954 124 22 77 -1 -1 -1 -1 
16 1 949 99 38 132 -1 -1 -1 -1 
16 2 287 397 139 135 -1 -1 -1 -1 
16 3 995 88 48 135 -1 -1 -1 -1 
16 4 575 186 126 76 -1 -1 -1 -1 
16 5 881 437 179 114 -1 -1 -1 -1 
16 6 650 391 76 111 -1 -1 -1 -1 
16 7 956 149 12 21 -1 -1 -1 -1 
16 8 953 121 23 84 -1 -1 -1 -1 
17 1 949 99 37 132 -1 -1 -1 -1 
17 2 290 397 137 136 -1 -1 -1 -1 
17 3 994 88 49 135 -1 -1 -1 -1 
17 4 575 186 126 76 -1 -1 -1 -1 
17 5 881 438 179 113 -1 -1 -1 -1 
17 6 650 391 76 111 -1 -1 -1 -1 
17 7 955 150 12 19 -1 -1 -1 -1 
17 8 952 114 26 99 -1 -1 -1 -1 
18 1 949 99 37 132 -1 -1 -1 -1 
18 2 295 397 132 136 -1 -1 -1 -1 
18 3 994 88 48 135 -1 -1 -1 -1 
18 4 575 186 126 76 -1 -1 -1 -1 
18 5 881 440 178 111 -1 -1 -1 -1 
18 6 650 392 77 110 -1 -1 -1 -1 
18 7 955 149 12 20 -1 -1 -1 -1 
18 8 952 114 26 98 -1 -1 -1 -1 
19 1 949 99 37 132 -1 -1 -1 -1 
19 2 302 398 124 133 -1 -1 -1 -1 
19 3 994 88 48 135 -1 -1 -1 -1 
19 4 575 186 126 76 -1 -1 -1 -1 
19 5 881 440 178 111 -1 -1 -1 -1 
19 6 651 392 76 110 -1 -1 -1 -1 
19 7 955 149 12 20 -1 -1 -1 -1 
19 8 951 113 27 100 -1 -1 -1 -1 
20 1 950 97 37 132 -1 -1 -1 -1 
20 2 303 398 123 133 -1 -1 -1 -1 
20 3 994 88 48 135 -1 -1 -1 -1 
20 4 575 186 126 76 -1 -1 -1 -1 
20 5 881 440 177 112 -1 -1 -1 -1 
20 6 651 392 76 110 -1 -1 -1 -1 
20 7 954 149 12 20 -1 -1 -1 -1 
20 8 950 107 30 113 -1 -1 -1 -1 
21 1 949 97 38 132 -1 -1 -1 -1 
21 2 306 398 120 133 -1 -1 -1 -1 
21 3 994 88 48 135 -1 -1 -1 -1 
21 4 575 186 126 76 -1 -1 -1 -1 
21 5 882 439 176 113 -1 -1 -1 -1 
21 6 651 393 77 109 -1 -1 -1 -1 
21 7 954 149 12 19 -1 -1 -1 -1 
22 1 949 97 37 131 -1 -1 -1 -1 
22 2 307 398 119 133 -1 -1 -1 -1 
22 3 993 87 49 136 -1 -1 -1 -1 
22 4 575 186 126 76 -1 -1 -1 -1 
22 5 882 439 175 113 -1 -1 -1 -1 
22 6 652 393 75 108 -1 -1 -1 -1 
22 7 953 149 12 20 -1 -1 -1 -1 
23 1 949 97 37 132 -1 -1 -1 -1 
23 2 308 398 118 133 -1 -1 -1 -1 
23 3 993 88 49 135 -1 -1 -1 -1 
23 4 575 186 126 76 -1 -1 -1 -1 
23 5 882 438 175 113 -1 -1 -1 -1 
23 6 652 393 75 108 -1 -1 -1 -1 
23 7 953 149 12 20 -1 -1 -1 -1 
24 1 948 97 38 132 -1 -1 -1 -1 
24 2 310 398 116 133 -1 -1 -1 -1 
24 3 993 88 49 135 -1 -1 -1 -1 
24 4 575 186 126 76 -1 -1 -1 -1 
24 5 881 438 176 113 -1 -1 -1 -1 
24 6 652 393 75 108 -1 -1 -1 -1 
24 7 952 150 12 18 -1 -1 -1 -1 
25 1 948 98 38 131 -1 -1 -1 -1 
25 2 311 398 115 133 -1 -1 -1 -1 
25 3 993 88 49 135 -1 -1 -1 -1 
25 4 575 186 126 76 -1 -1 -1 -1 
25 5 881 438 175 113 -1 -1 -1 -1 
25 6 652 393 75 107 -1 -1 -1 -1 
25 7 952 150 12 18 -1 -1 -1 -1 
26 1 948 98 38 130 -1 -1 -1 -1 
26 2 312 397 114 134 -1 -1 -1 -1 
26 3 993 88 49 135 -1 -1 -1 -1 
26 4 575 186 126 76 -1 -1 -1 -1 
26 5 881 438 175 113 -1 -1 -1 -1 
26 6 653 394 73 106 -1 -1 -1 -1 
26 7 952 150 12 19 -1 -1 -1 -1 
27 1 946 98 39 133 -1 -1 -1 -1 
27 2 312 397 114 134 -1 -1 -1 -1 
27 3 993 88 49 135 -1 -1 -1 -1 
27 4 575 186 126 76 -1 -1 -1 -1 
27 5 881 437 175 114 -1 -1 -1 -1 
27 6 652 394 74 106 -1 -1 -1 -1 
27 7 952 150 12 19 -1 -1 -1 -1 
28 1 946 98 39 133 -1 -1 -1 -1 
28 2 312 397 114 134 -1 -1 -1 -1 
28 3 993 88 49 135 -1 -1 -1 -1 
28 4 575 186 126 76 -1 -1 -1 -1 
28 5 881 437 175 114 -1 -1 -1 -1 
28 6 653 394 73 106 -1 -1 -1 -1 
28 7 952 150 10 18 -1 -1 -1 -1 
29 1 945 98 40 133 -1 -1 -1 -1 
29 2 312 398 114 133 -1 -1 -1 -1 
29 3 992 88 50 135 -1 -1 -1 -1 
29 4 575 186 126 76 -1 -1 -1 -1 
29 5 881 437 175 114 -1 -1 -1 -1 
29 6 654 394 72 106 -1 -1 -1 -1 
29 7 952 150 10 18 -1 -1 -1 -1 
30 1 945 99 41 132 -1 -1 -1 -1 
30 2 312 398 114 133 -1 -1 -1 -1 
30 3 992 88 50 135 -1 -1 -1 -1 
30 4 575 186 126 76 -1 -1 -1 -1 
30 5 881 437 175 114 -1 -1 -1 -1 
30 6 654 394 72 106 -1 -1 -1 -1 
30 7 952 150 10 19 -1 -1 -1 -1 
31 1 945 99 42 132 -1 -1 -1 -1 
31 2 312 398 114 133 -1 -1 -1 -1 
31 3 992 88 50 135 -1 -1 -1 -1 
31 4 575 186 126 76 -1 -1 -1 -1 
31 5 881 437 175 114 -1 -1 -1 -1 
31 6 654 394 72 105 -1 -1 -1 -1 
31 7 952 150 10 19 -1 -1 -1 -1 
32 1 945 99 42 132 -1 -1 -1 -1 
32 2 313 397 113 134 -1 -1 -1 -1 
32 3 993 88 49 135 -1 -1 -1 -1 
32 4 575 186 126 76 -1 -1 -1 -1 
32 5 882 437 175 114 -1 -1 -1 -1 
32 6 654 394 72 105 -1 -1 -1 -1 
32 7 952 150 10 19 -1 -1 -1 -1 
33 1 945 99 42 132 -1 -1 -1 -1 
33 2 313 397 113 134 -1 -1 -1 -1 
33 3 993 88 49 135 -1 -1 -1 -1 
33 4 575 186 126 77 -1 -1 -1 -1 
33 5 882 437 175 114 -1 -1 -1 -1 
33 6 655 394 71 105 -1 -1 -1 -1 
33 7 952 150 10 18 -1 -1 -1 -1 
34 1 946 98 42 131 -1 -1 -1 -1 
34 2 313 397 113 134 -1 -1 -1 -1 
34 3 993 88 49 135 -1 -1 -1 -1 
34 4 575 186 126 77 -1 -1 -1 -1 
34 5 881 437 176 114 -1 -1 -1 -1 
34 6 655 394 71 105 -1 -1 -1 -1 
34 7 952 150 10 18 -1 -1 -1 -1 
35 1 946 98 41 130 -1 -1 -1 -1 
35 2 312 397 114 134 -1 -1 -1 -1 
35 3 994 88 48 135 -1 -1 -1 -1 
35 4 575 186 126 76 -1 -1 -1 -1 
35 5 881 437 176 114 -1 -1 -1 -1 
35 6 656 394 70 106 -1 -1 -1 -1 
35 7 952 150 10 18 -1 -1 -1 -1 
36 1 946 98 40 130 -1 -1 -1 -1 
36 2 311 397 115 134 -1 -1 -1 -1 
36 3 994 88 48 135 -1 -1 -1 -1 
36 4 575 186 126 76 -1 -1 -1 -1 
36 5 881 437 175 114 -1 -1 -1 -1 
36 6 657 394 69 106 -1 -1 -1 -1 
36 7 952 150 10 18 -1 -1 -1 -1 
37 1 946 98 39 130 -1 -1 -1 -1 
37 2 310 397 116 134 -1 -1 -1 -1 
37 3 994 88 48 136 -1 -1 -1 -1 
37 4 575 186 126 76 -1 -1 -1 -1 
37 5 881 437 175 114 -1 -1 -1 -1 
37 6 657 394 68 106 -1 -1 -1 -1 
37 7 952 149 10 19 -1 -1 -1 -1 
38 1 947 98 38 130 -1 -1 -1 -1 
38 2 310 397 116 134 -1 -1 -1 -1 
38 3 995 88 47 135 -1 -1 -1 -1 
38 4 575 186 126 76 -1 -1 -1 -1 
38 5 881 437 176 114 -1 -1 -1 -1 
38 6 657 394 68 106 -1 -1 -1 -1 
38 7 952 149 10 19 -1 -1 -1 -1 
39 1 947 97 38 131 -1 -1 -1 -1 
39 2 310 397 115 134 -1 -1 -1 -1 
39 3 995 88 47 136 -1 -1 -1 -1 
39 4 575 186 126 77 -1 -1 -1 -1 
39 5 881 438 176 113 -1 -1 -1 -1 
39 6 656 394 68 107 -1 -1 -1 -1 
39 7 951 150 12 18 -1 -1 -1 -1 
40 1 947 97 38 131 -1 -1 -1 -1 
40 2 311 397 114 134 -1 -1 -1 -1 
40 3 996 88 46 136 -1 -1 -1 -1 
40 4 575 186 126 76 -1 -1 -1 -1 
40 5 881 437 175 114 -1 -1 -1 -1 
40 6 656 393 68 108 -1 -1 -1 -1 
40 7 952 150 11 18 -1 -1 -1 -1 
41 1 948 97 37 131 -1 -1 -1 -1 
41 2 311 398 115 134 -1 -1 -1 -1 
41 3 995 88 46 135 -1 -1 -1 -1 
41 4 575 186 126 76 -1 -1 -1 -1 
41 5 881 437 175 114 -1 -1 -1 -1 
41 6 656 393 68 108 -1 -1 -1 -1 
41 7 952 150 12 19 -1 -1 -1 -1 
42 1 948 97 37 131 -1 -1 -1 -1 
42 2 311 398 115 134 -1 -1 -1 -1 
42 3 996 89 45 134 -1 -1 -1 -1 
42 4 575 186 126 76 -1 -1 -1 -1 
42 5 881 437 175 114 -1 -1 -1 -1 
42 6 656 393 67 108 -1 -1 -1 -1 
42 7 952 150 12 19 -1 -1 -1 -1 
43 1 949 98 36 129 -1 -1 -1 -1 
43 2 311 398 115 134 -1 -1 -1 -1 
43 3 996 89 45 134 -1 -1 -1 -1 
43 4 575 186 126 76 -1 -1 -1 -1 
43 5 881 437 175 114 -1 -1 -1 -1 
43 6 656 393 67 108 -1 -1 -1 -1 
43 7 953 149 12 20 -1 -1 -1 -1 
44 1 949 97 38 130 -1 -1 -1 -1 
44 2 311 399 115 133 -1 -1 -1 -1 
44 3 996 89 45 134 -1 -1 -1 -1 
44 4 575 186 126 76 -1 -1 -1 -1 
44 5 881 438 175 113 -1 -1 -1 -1 
44 6 655 393 68 108 -1 -1 -1 -1 
44 7 954 148 12 21 -1 -1 -1 -1 
44 8 951 120 25 85 -1 -1 -1 -1 
45 1 950 98 37 129 -1 -1 -1 -1 
45 2 311 399 115 133 -1 -1 -1 -1 
45 3 996 89 45 134 -1 -1 -1 -1 
45 4 575 186 126 76 -1 -1 -1 -1 
45 5 881 438 175 113 -1 -1 -1 -1 
45 6 655 394 68 107 -1 -1 -1 -1 
45 7 954 149 13 20 -1 -1 -1 -1 
45 8 951 116 27 93 -1 -1 -1 -1 
46 1 949 100 37 130 -1 -1 -1 -1 
46 2 310 400 116 132 -1 -1 -1 -1 
46 3 996 89 45 134 -1 -1 -1 -1 
46 4 575 186 126 76 -1 -1 -1 -1 
46 5 881 438 175 113 -1 -1 -1 -1 
46 6 655 393 68 108 -1 -1 -1 -1 
46 7 955 149 12 20 -1 -1 -1 -1 
46 8 951 110 29 106 -1 -1 -1 -1 
47 1 949 100 37 131 -1 -1 -1 -1 
47 2 310 400 116 132 -1 -1 -1 -1 
47 3 995 89 46 134 -1 -1 -1 -1 
47 4 575 186 125 76 -1 -1 -1 -1 
47 5 881 438 175 113 -1 -1 -1 -1 
47 6 656 393 67 108 -1 -1 -1 -1 
47 7 955 150 12 19 -1 -1 -1 -1 
47 8 950 107 31 113 -1 -1 -1 -1 
48 1 949 100 38 131 -1 -1 -1 -1 
48 2 309 400 117 132 -1 -1 -1 -1 
48 3 995 89 46 134 -1 -1 -1 -1 
48 4 575 186 125 76 -1 -1 -1 -1 
48 5 881 438 175 113 -1 -1 -1 -1 
48 6 656 393 66 108 -1 -1 -1 -1 
48 7 956 150 12 20 -1 -1 -1 -1 
48 8 952 111 28 105 -1 -1 -1 -1 
49 1 950 100 37 131 -1 -1 -1 -1 
49 2 309 400 117 131 -1 -1 -1 -1 
49 3 995 89 46 134 -1 -1 -1 -1 
49 4 575 186 126 76 -1 -1 -1 -1 
49 5 881 438 176 113 -1 -1 -1 -1 
49 6 656 393 66 108 -1 -1 -1 -1 
50 1 950 100 38 131 -1 -1 -1 -1 
50 2 308 401 118 130 -1 -1 -1 -1 
50 3 995 89 46 134 -1 -1 -1 -1 
50 4 575 186 125 76 -1 -1 -1 -1 
50 5 881 438 176 113 -1 -1 -1 -1 
51 1 951 100 38 131 -1 -1 -1 -1 
51 2 307 401 119 130 -1 -1 -1 -1 
51 3 995 89 46 135 -1 -1 -1 -1 
51 4 575 186 125 76 -1 -1 -1 -1 
51 5 881 438 176 113 -1 -1 -1 -1 
52 1 951 99 38 132 -1 -1 -1 -1 
52 2 305 401 121 130 -1 -1 -1 -1 
52 3 994 89 47 135 -1 -1 -1 -1 
52 4 575 186 125 76 -1 -1 -1 -1 
52 5 881 438 176 113 -1 -1 -1 -1 
53 1 951 99 38 132 -1 -1 -1 -1 
53 2 305 400 120 131 -1 -1 -1 -1 
53 3 995 89 46 135 -1 -1 -1 -1 
53 4 575 186 125 76 -1 -1 -1 -1 
53 5 881 438 175 113 -1 -1 -1 -1 
54 1 952 100 37 131 -1 -1 -1 -1 
54 2 303 400 122 131 -1 -1 -1 -1 
54 3 995 89 46 135 -1 -1 -1 -1 
54 4 575 186 125 76 -1 -1 -1 -1 
54 5 881 438 175 113 -1 -1 -1 -1 
55 1 952 100 37 132 -1 -1 -1 -1 
55 2 302 400 123 130 -1 -1 -1 -1 
55 3 995 89 46 135 -1 -1 -1 -1 
55 4 575 186 125 76 -1 -1 -1 -1 
55 5 881 438 175 113 -1 -1 -1 -1 
56 1 952 100 37 132 -1 -1 -1 -1 
56 2 301 400 126 131 -1 -1 -1 -1 
56 3 995 89 46 135 -1 -1 -1 -1 
56 4 575 186 125 76 -1 -1 -1 -1 
56 5 881 439 176 112 -1 -1 -1 -1 
57 1 953 100 36 132 -1 -1 -1 -1 
57 2 299 399 127 131 -1 -1 -1 -1 
57 3 995 89 46 135 -1 -1 -1 -1 
57 4 575 187 125 75 -1 -1 -1 -1 
57 5 881 439 176 112 -1 -1 -1 -1 
58 1 953 100 36 132 -1 -1 -1 -1 
58 2 298 399 128 131 -1 -1 -1 -1 
58 3 995 89 46 135 -1 -1 -1 -1 
58 4 575 187 125 75 -1 -1 -1 -1 
58 5 882 440 174 111 -1 -1 -1 -1 
59 1 953 100 36 132 -1 -1 -1 -1 
59 2 297 399 129 131 -1 -1 -1 -1 
59 3 995 89 46 135 -1 -1 -1 -1 
59 4 575 187 126 75 -1 -1 -1 -1 
59 5 884 440 173 111 -1 -1 -1 -1 
60 1 953 100 36 132 -1 -1 -1 -1 
60 2 296 398 129 132 -1 -1 -1 -1 
60 3 995 89 46 135 -1 -1 -1 -1 
60 4 575 187 126 75 -1 -1 -1 -1 
60 5 887 440 169 111 -1 -1 -1 -1 
61 1 953 100 37 132 -1 -1 -1 -1 
61 2 294 397 131 133 -1 -1 -1 -1 
61 3 996 89 45 135 -1 -1 -1 -1 
61 4 575 187 125 75 -1 -1 -1 -1 
61 5 891 440 161 110 -1 -1 -1 -1 
62 1 953 100 37 132 -1 -1 -1 -1 
62 2 293 397 132 134 -1 -1 -1 -1 
62 3 996 89 45 136 -1 -1 -1 -1 
62 4 575 187 125 75 -1 -1 -1 -1 
62 5 894 438 158 112 -1 -1 -1 -1 
63 1 954 100 36 132 -1 -1 -1 -1 
63 2 289 396 136 135 -1 -1 -1 -1 
63 3 996 88 45 137 -1 -1 -1 -1 
63 4 575 186 125 76 -1 -1 -1 -1 
63 5 898 437 154 113 -1 -1 -1 -1 
64 1 954 100 36 132 -1 -1 -1 -1 
64 2 286 396 139 135 -1 -1 -1 -1 
64 3 996 88 45 137 -1 -1 -1 -1 
64 4 575 186 125 76 -1 -1 -1 -1 
64 5 899 438 153 114 -1 -1 -1 -1 
65 1 954 100 36 132 -1 -1 -1 -1 
65 2 284 395 141 135 -1 -1 -1 -1 
65 3 996 88 45 137 -1 -1 -1 -1 
65 4 575 186 125 76 -1 -1 -1 -1 
65 5 897 439 156 116 -1 -1 -1 -1 
66 1 954 101 36 131 -1 -1 -1 -1 
66 2 283 395 142 135 -1 -1 -1 -1 
66 3 996 88 45 137 -1 -1 -1 -1 
66 4 575 187 125 75 -1 -1 -1 -1 
66 5 897 439 156 116 -1 -1 -1 -1 
67 1 954 101 36 131 -1 -1 -1 -1 
67 2 279 395 146 135 -1 -1 -1 -1 
67 3 996 88 45 137 -1 -1 -1 -1 
67 4 575 187 125 75 -1 -1 -1 -1 
67 5 897 439 157 117 -1 -1 -1 -1 
68 1 954 101 36 131 -1 -1 -1 -1 
68 2 280 395 145 135 -1 -1 -1 -1 
68 3 996 88 45 137 -1 -1 -1 -1 
68 4 575 187 125 75 -1 -1 -1 -1 
68 5 897 440 157 117 -1 -1 -1 -1 
69 1 954 101 36 130 -1 -1 -1 -1 
69 2 279 395 146 135 -1 -1 -1 -1 
69 3 996 88 45 137 -1 -1 -1 -1 
69 4 575 186 125 76 -1 -1 -1 -1 
69 5 897 440 157 118 -1 -1 -1 -1 
69 6 655 391 75 109 -1 -1 -1 -1 
70 1 953 101 37 130 -1 -1 -1 -1 
70 2 279 395 146 135 -1 -1 -1 -1 
70 3 996 88 45 137 -1 -1 -1 -1 
70 4 575 187 126 75 -1 -1 -1 -1 
70 5 897 441 158 117 -1 -1 -1 -1 
70 6 654 392 76 108 -1 -1 -1 -1 
71 1 953 101 36 130 -1 -1 -1 -1 
71 2 279 395 146 135 -1 -1 -1 -1 
71 3 995 88 46 136 -1 -1 -1 -1 
71 4 575 187 125 75 -1 -1 -1 -1 
71 5 897 442 158 117 -1 -1 -1 -1 
71 6 655 393 75 108 -1 -1 -1 -1 
72 1 953 100 36 131 -1 -1 -1 -1 
72 2 279 396 147 134 -1 -1 -1 -1 
72 3 994 88 47 136 -1 -1 -1 -1 
72 4 575 186 126 76 -1 -1 -1 -1 
72 5 897 444 158 116 -1 -1 -1 -1 
72 6 655 393 76 108 -1 -1 -1 -1 
73 1 953 101 35 130 -1 -1 -1 -1 
73 2 279 396 147 134 -1 -1 -1 -1 
73 3 994 88 47 136 -1 -1 -1 -1 
73 4 575 186 126 76 -1 -1 -1 -1 
73 5 897 445 158 115 -1 -1 -1 -1 
73 6 655 393 76 108 -1 -1 -1 -1 
74 1 953 101 35 130 -1 -1 -1 -1 
74 2 279 396 147 135 -1 -1 -1 -1 
74 3 994 88 47 136 -1 -1 -1 -1 
74 4 575 186 126 76 -1 -1 -1 -1 
74 5 898 446 157 113 -1 -1 -1 -1 
74 6 655 394 75 107 -1 -1 -1 -1 
75 1 953 101 35 130 -1 -1 -1 -1 
75 2 279 396 147 134 -1 -1 -1 -1 
75 3 994 88 47 136 -1 -1 -1 -1 
75 4 575 186 126 76 -1 -1 -1 -1 
75 5 898 447 157 113 -1 -1 -1 -1 
75 6 655 394 75 107 -1 -1 -1 -1 
76 1 953 101 35 130 -1 -1 -1 -1 
76 2 279 397 147 134 -1 -1 -1 -1 
76 3 994 88 47 136 -1 -1 -1 -1 
76 4 575 186 126 76 -1 -1 -1 -1 
76 5 898 449 157 110 -1 -1 -1 -1 
76 6 654 394 76 107 -1 -1 -1 -1 
77 1 952 100 37 131 -1 -1 -1 -1 
77 2 279 397 147 134 -1 -1 -1 -1 
77 3 994 89 47 135 -1 -1 -1 -1 
77 4 575 186 126 76 -1 -1 -1 -1 
77 5 898 451 156 109 -1 -1 -1 -1 
77 6 654 394 77 107 -1 -1 -1 -1 
78 1 952 100 37 131 -1 -1 -1 -1 
78 2 279 397 148 134 -1 -1 -1 -1 
78 3 994 88 47 136 -1 -1 -1 -1 
78 4 575 186 126 76 -1 -1 -1 -1 
78 5 898 453 156 107 -1 -1 -1 -1 
78 6 654 394 77 108 -1 -1 -1 -1 
79 1 952 100 37 131 -1 -1 -1 -1 
79 2 279 397 148 134 -1 -1 -1 -1 
79 3 994 88 47 136 -1 -1 -1 -1 
79 4 575 186 126 76 -1 -1 -1 -1 
79 5 898 453 156 107 -1 -1 -1 -1 
79 6 654 394 77 108 -1 -1 -1 -1 
80 1 951 100 38 131 -1 -1 -1 -1 
80 2 280 397 147 134 -1 -1 -1 -1 
80 3 993 88 48 136 -1 -1 -1 -1 
80 4 575 186 126 76 -1 -1 -1 -1 
80 5 899 454 154 106 -1 -1 -1 -1 
80 6 653 394 78 108 -1 -1 -1 -1 
81 1 951 100 37 131 -1 -1 -1 -1 
81 2 280 397 146 133 -1 -1 -1 -1 
81 3 994 88 47 136 -1 -1 -1 -1 
81 4 575 186 126 76 -1 -1 -1 -1 
81 5 899 454 154 106 -1 -1 -1 -1 
81 6 653 394 78 108 -1 -1 -1 -1 
82 1 950 100 38 131 -1 -1 -1 -1 
82 2 280 397 146 133 -1 -1 -1 -1 
82 3 994 88 47 136 -1 -1 -1 -1 
82 4 575 186 126 76 -1 -1 -1 -1 
82 5 899 454 155 106 -1 -1 -1 -1 
82 6 653 394 78 108 -1 -1 -1 -1 
83 1 950 101 37 129 -1 -1 -1 -1 
83 2 279 397 147 133 -1 -1 -1 -1 
83 3 994 88 47 136 -1 -1 -1 -1 
83 4 575 186 126 76 -1 -1 -1 -1 
83 5 899 454 155 106 -1 -1 -1 -1 
83 6 653 394 78 108 -1 -1 -1 -1 
84 1 950 100 36 130 -1 -1 -1 -1 
84 2 279 397 147 133 -1 -1 -1 -1 
84 3 994 88 47 136 -1 -1 -1 -1 
84 4 575 186 126 76 -1 -1 -1 -1 
84 5 899 454 155 106 -1 -1 -1 -1 
84 6 652 394 80 108 -1 -1 -1 -1 
85 1 949 100 37 130 -1 -1 -1 -1 
85 2 279 397 147 133 -1 -1 -1 -1 
85 3 994 88 47 136 -1 -1 -1 -1 
85 4 575 186 126 76 -1 -1 -1 -1 
85 5 899 454 154 106 -1 -1 -1 -1 
85 6 652 393 80 109 -1 -1 -1 -1 
86 1 949 100 37 130 -1 -1 -1 -1 
86 2 279 398 147 132 -1 -1 -1 -1 
86 3 994 88 47 136 -1 -1 -1 -1 
86 4 575 186 126 76 -1 -1 -1 -1 
86 5 899 454 154 106 -1 -1 -1 -1 
86 6 652 393 81 109 -1 -1 -1 -1 
87 1 949 100 37 130 -1 -1 -1 -1 
87 2 279 398 147 131 -1 -1 -1 -1 
87 3 995 88 46 136 -1 -1 -1 -1 
87 4 575 186 126 76 -1 -1 -1 -1 
87 5 899 454 155 106 -1 -1 -1 -1 
87 6 652 393 81 109 -1 -1 -1 -1 
88 1 949 100 37 130 -1 -1 -1 -1 
88 2 279 398 147 131 -1 -1 -1 -1 
88 3 995 88 46 136 -1 -1 -1 -1 
88 4 575 186 126 76 -1 -1 -1 -1 
88 5 899 454 155 106 -1 -1 -1 -1 
88 6 652 393 80 109 -1 -1 -1 -1 
89 1 949 100 37 130 -1 -1 -1 -1 
89 2 279 399 147 130 -1 -1 -1 -1 
89 3 995 88 46 136 -1 -1 -1 -1 
89 4 575 186 126 76 -1 -1 -1 -1 
89 5 899 454 155 106 -1 -1 -1 -1 
89 6 652 393 82 109 -1 -1 -1 -1 
90 1 949 100 37 130 -1 -1 -1 -1 
90 2 279 399 147 130 -1 -1 -1 -1 
90 3 994 88 47 136 -1 -1 -1 -1 
90 4 575 186 126 76 -1 -1 -1 -1 
90 5 899 454 155 106 -1 -1 -1 -1 
90 6 652 393 84 109 -1 -1 -1 -1 
91 1 949 100 37 130 -1 -1 -1 -1 
91 2 279 399 147 130 -1 -1 -1 -1 
91 3 994 88 47 136 -1 -1 -1 -1 
91 4 575 186 126 76 -1 -1 -1 -1 
91 5 899 454 155 106 -1 -1 -1 -1 
91 6 652 394 88 109 -1 -1 -1 -1 
92 1 949 99 38 131 -1 -1 -1 -1 
92 2 279 399 147 130 -1 -1 -1 -1 
92 3 994 88 47 136 -1 -1 -1 -1 
92 4 575 186 126 76 -1 -1 -1 -1 
92 5 899 454 155 106 -1 -1 -1 -1 
92 6 652 395 91 108 -1 -1 -1 -1 
93 1 949 100 38 130 -1 -1 -1 -1 
93 2 279 399 147 130 -1 -1 -1 -1 
93 3 994 88 46 136 -1 -1 -1 -1 
93 4 575 186 126 76 -1 -1 -1 -1 
93 5 899 453 155 107 -1 -1 -1 -1 
93 6 652 395 93 109 -1 -1 -1 -1 
94 1 950 100 37 130 -1 -1 -1 -1 
94 2 279 399 147 130 -1 -1 -1 -1 
94 3 994 87 46 137 -1 -1 -1 -1 
94 4 575 187 126 75 -1 -1 -1 -1 
94 5 899 453 155 107 -1 -1 -1 -1 
94 6 652 396 97 108 -1 -1 -1 -1 
95 1 950 100 37 130 -1 -1 -1 -1 
95 2 279 399 147 130 -1 -1 -1 -1 
95 3 994 87 46 137 -1 -1 -1 -1 
95 4 575 187 126 75 -1 -1 -1 -1 
95 5 899 453 155 108 -1 -1 -1 -1 
95 6 652 397 101 107 -1 -1 -1 -1 
96 1 950 99 37 131 -1 -1 -1 -1 
96 2 279 399 147 130 -1 -1 -1 -1 
96 3 995 87 45 137 -1 -1 -1 -1 
96 4 575 187 126 75 -1 -1 -1 -1 
96 5 899 453 155 107 -1 -1 -1 -1 
96 6 652 399 102 105 -1 -1 -1 -1 
97 1 950 100 38 130 -1 -1 -1 -1 
97 2 279 399 147 130 -1 -1 -1 -1 
97 3 995 87 45 137 -1 -1 -1 -1 
97 4 575 186 126 76 -1 -1 -1 -1 
97 5 898 453 156 107 -1 -1 -1 -1 
97 6 652 399 100 105 -1 -1 -1 -1 
98 1 950 99 38 131 -1 -1 -1 -1 
98 2 279 399 148 130 -1 -1 -1 -1 
98 3 995 86 44 138 -1 -1 -1 -1 
98 4 575 186 126 76 -1 -1 -1 -1 
98 5 898 453 156 107 -1 -1 -1 -1 
98 6 652 399 100 105 -1 -1 -1 -1 
99 1 950 99 38 131 -1 -1 -1 -1 
99 2 279 399 148 130 -1 -1 -1 -1 
99 3 995 86 44 138 -1 -1 -1 -1 
99 4 575 186 126 76 -1 -1 -1 -1 
99 5 898 453 157 107 -1 -1 -1 -1 
99 6 652 399 101 105 -1 -1 -1 -1 
100 1 950 99 38 131 -1 -1 -1 -1 
100 2 278 399 149 130 -1 -1 -1 -1 
100 3 995 86 43 138 -1 -1 -1 -1 
100 4 575 186 126 76 -1 -1 -1 -1 
100 5 898 453 157 107 -1 -1 -1 -1 
100 6 653 399 100 105 -1 -1 -1 -1 
100 9 959 151 12 21 -1 -1 -1 -1 
100 10 955 123 23 80 -1 -1 -1 -1 
101 1 950 99 38 131 -1 -1 -1 -1 
101 2 278 399 149 130 -1 -1 -1 -1 
101 3 995 86 43 138 -1 -1 -1 -1 
101 4 575 186 126 76 -1 -1 -1 -1 
101 5 898 453 156 108 -1 -1 -1 -1 
101 6 653 399 100 105 -1 -1 -1 -1 
101 9 959 151 12 21 -1 -1 -1 -1 
101 10 954 119 25 88 -1 -1 -1 -1 
102 1 951 99 37 131 -1 -1 -1 -1 
102 2 278 399 150 131 -1 -1 -1 -1 
102 3 996 86 41 139 -1 -1 -1 -1 
102 4 575 187 126 75 -1 -1 -1 -1 
102 5 898 453 156 107 -1 -1 -1 -1 
102 6 653 398 100 106 -1 -1 -1 -1 
102 9 958 151 13 24 -1 -1 -1 -1 
102 10 954 119 25 88 -1 -1 -1 -1 
103 1 951 99 37 131 -1 -1 -1 -1 
103 2 278 399 150 131 -1 -1 -1 -1 
103 3 996 86 41 138 -1 -1 -1 -1 
103 4 575 187 126 75 -1 -1 -1 -1 
103 5 898 453 156 107 -1 -1 -1 -1 
103 6 653 398 100 106 -1 -1 -1 -1 
103 9 958 151 13 24 -1 -1 -1 -1 
104 1 951 99 37 131 -1 -1 -1 -1 
104 2 278 399 150 131 -1 -1 -1 -1 
104 3 995 85 41 140 -1 -1 -1 -1 
104 4 575 187 126 75 -1 -1 -1 -1 
104 5 898 453 156 107 -1 -1 -1 -1 
104 6 652 398 101 105 -1 -1 -1 -1 
105 1 950 99 38 131 -1 -1 -1 -1 
105 2 278 399 150 131 -1 -1 -1 -1 
105 3 995 84 41 141 -1 -1 -1 -1 
105 4 575 187 126 75 -1 -1 -1 -1 
105 5 898 453 156 107 -1 -1 -1 -1 
105 6 652 398 101 105 -1 -1 -1 -1 
106 1 950 98 38 132 -1 -1 -1 -1 
106 2 278 399 150 131 -1 -1 -1 -1 
106 3 995 85 40 140 -1 -1 -1 -1 
106 4 575 187 126 75 -1 -1 -1 -1 
106 5 898 453 156 107 -1 -1 -1 -1 
106 6 652 398 100 105 -1 -1 -1 -1 
107 1 950 98 38 132 -1 -1 -1 -1 
107 2 278 400 150 130 -1 -1 -1 -1 
107 3 994 84 41 141 -1 -1 -1 -1 
107 4 575 187 126 75 -1 -1 -1 -1 
107 5 898 453 156 107 -1 -1 -1 -1 
107 6 653 398 99 105 -1 -1 -1 -1 
108 1 950 98 37 132 -1 -1 -1 -1 
108 2 278 400 150 130 -1 -1 -1 -1 
108 3 993 85 41 140 -1 -1 -1 -1 
108 4 575 187 126 75 -1 -1 -1 -1 
108 5 898 453 156 107 -1 -1 -1 -1 
108 6 653 399 99 104 -1 -1 -1 -1 
109 1 950 98 37 132 -1 -1 -1 -1 
109 2 278 400 151 130 -1 -1 -1 -1 
109 3 992 87 41 135 -1 -1 -1 -1 
109 4 575 187 126 75 -1 -1 -1 -1 
109 5 898 453 156 107 -1 -1 -1 -1 
109 6 653 399 99 104 -1 -1 -1 -1 
110 1 950 98 37 132 -1 -1 -1 -1 
110 2 278 400 151 130 -1 -1 -1 -1 
110 3 992 87 40 135 -1 -1 -1 -1 
110 4 575 187 126 75 -1 -1 -1 -1 
110 5 898 453 156 107 -1 -1 -1 -1 
110 6 653 400 99 103 -1 -1 -1 -1 
111 1 950 98 37 132 -1 -1 -1 -1 
111 2 278 401 151 129 -1 -1 -1 -1 
111 3 991 87 41 135 -1 -1 -1 -1 
111 4 575 187 126 75 -1 -1 -1 -1 
111 5 898 453 156 107 -1 -1 -1 -1 
111 6 653 399 99 104 -1 -1 -1 -1 
112 1 950 99 37 131 -1 -1 -1 -1 
112 2 277 402 152 128 -1 -1 -1 -1 
112 3 991 87 41 135 -1 -1 -1 -1 
112 4 575 187 126 75 -1 -1 -1 -1 
112 5 898 453 156 107 -1 -1 -1 -1 
112 6 653 399 99 105 -1 -1 -1 -1 
113 1 950 99 37 131 -1 -1 -1 -1 
113 2 276 402 153 128 -1 -1 -1 -1 
113 3 991 87 41 135 -1 -1 -1 -1 
113 4 575 187 126 75 -1 -1 -1 -1 
113 5 898 453 156 107 -1 -1 -1 -1 
113 6 652 399 100 105 -1 -1 -1 -1 
114 1 950 99 36 131 -1 -1 -1 -1 
114 2 274 402 155 128 -1 -1 -1 -1 
114 3 991 87 40 135 -1 -1 -1 -1 
114 4 575 187 126 76 -1 -1 -1 -1 
114 5 898 453 156 107 -1 -1 -1 -1 
114 6 652 399 100 105 -1 -1 -1 -1 
115 1 950 99 36 131 -1 -1 -1 -1 
115 2 273 402 156 128 -1 -1 -1 -1 
115 3 990 87 41 135 -1 -1 -1 -1 
115 4 575 187 126 76 -1 -1 -1 -1 
115 5 898 453 156 107 -1 -1 -1 -1 
115 6 652 399 100 105 -1 -1 -1 -1 
116 1 950 99 36 130 -1 -1 -1 -1 
116 2 273 401 156 129 -1 -1 -1 -1 
116 3 991 87 40 135 -1 -1 -1 -1 
116 4 575 187 126 76 -1 -1 -1 -1 
116 5 898 453 156 107 -1 -1 -1 -1 
116 6 652 400 100 104 -1 -1 -1 -1 
116 9 956 150 12 20 -1 -1 -1 -1 
116 11 952 112 28 103 -1 -1 -1 -1 
117 1 951 99 35 128 -1 -1 -1 -1 
117 2 272 402 159 126 -1 -1 -1 -1 
117 3 991 87 40 135 -1 -1 -1 -1 
117 4 575 187 126 75 -1 -1 -1 -1 
117 5 898 453 157 107 -1 -1 -1 -1 
117 6 652 400 100 104 -1 -1 -1 -1 
117 9 955 150 12 20 -1 -1 -1 -1 
117 11 953 121 24 83 -1 -1 -1 -1 
118 1 950 99 36 128 -1 -1 -1 -1 
118 2 270 402 163 127 -1 -1 -1 -1 
118 3 991 87 40 135 -1 -1 -1 -1 
118 4 575 187 126 75 -1 -1 -1 -1 
118 5 898 453 157 107 -1 -1 -1 -1 
118 6 652 400 99 104 -1 -1 -1 -1 
118 9 954 150 11 20 -1 -1 -1 -1 
118 11 952 118 25 90 -1 -1 -1 -1 
119 1 951 99 36 129 -1 -1 -1 -1 
119 2 270 403 163 125 -1 -1 -1 -1 
119 3 990 87 41 135 -1 -1 -1 -1 
119 4 575 187 126 76 -1 -1 -1 -1 
119 5 898 453 157 107 -1 -1 -1 -1 
119 6 652 400 99 104 -1 -1 -1 -1 
119 9 953 149 13 23 -1 -1 -1 -1 
120 1 951 99 36 130 -1 -1 -1 -1 
120 2 270 403 162 125 -1 -1 -1 -1 
120 3 990 87 41 135 -1 -1 -1 -1 
120 4 575 187 126 76 -1 -1 -1 -1 
120 5 898 453 156 107 -1 -1 -1 -1 
120 6 652 400 100 104 -1 -1 -1 -1 
120 9 952 150 12 22 -1 -1 -1 -1 
120 11 953 135 18 55 -1 -1 -1 -1 
121 1 950 98 37 131 -1 -1 -1 -1 
121 2 270 403 161 125 -1 -1 -1 -1 
121 3 990 87 42 135 -1 -1 -1 -1 
121 4 575 187 126 76 -1 -1 -1 -1 
121 5 898 453 156 107 -1 -1 -1 -1 
121 6 652 400 99 104 -1 -1 -1 -1 
121 9 952 150 12 23 -1 -1 -1 -1 
121 11 952 143 15 38 -1 -1 -1 -1 
122 1 950 98 36 132 -1 -1 -1 -1 
122 2 270 404 160 124 -1 -1 -1 -1 
122 3 990 86 42 136 -1 -1 -1 -1 
122 4 575 187 126 76 -1 -1 -1 -1 
122 5 898 453 157 107 -1 -1 -1 -1 
122 6 652 400 100 104 -1 -1 -1 -1 
122 9 951 150 13 23 -1 -1 -1 -1 
123 1 950 98 36 132 -1 -1 -1 -1 
123 2 272 407 156 121 -1 -1 -1 -1 
123 3 990 87 42 135 -1 -1 -1 -1 
123 4 575 187 126 75 -1 -1 -1 -1 
123 5 898 453 157 107 -1 -1 -1 -1 
123 6 652 400 100 104 -1 -1 -1 -1 
123 9 950 150 13 24 -1 -1 -1 -1 
124 1 949 99 36 132 -1 -1 -1 -1 
124 2 272 407 155 121 -1 -1 -1 -1 
124 3 990 87 43 135 -1 -1 -1 -1 
124 4 575 187 127 75 -1 -1 -1 -1 
124 5 898 453 157 107 -1 -1 -1 -1 
124 6 652 400 100 104 -1 -1 -1 -1 
124 9 949 151 13 23 -1 -1 -1 -1 
125 1 949 100 35 131 -1 -1 -1 -1 
125 2 271 408 155 120 -1 -1 -1 -1 
125 3 990 87 43 135 -1 -1 -1 -1 
125 4 575 186 126 76 -1 -1 -1 -1 
125 5 898 453 157 107 -1 -1 -1 -1 
125 6 652 400 100 104 -1 -1 -1 -1 
125 9 948 151 13 24 -1 -1 -1 -1 
126 1 948 101 36 130 -1 -1 -1 -1 
126 2 271 408 155 120 -1 -1 -1 -1 
126 3 991 87 42 135 -1 -1 -1 -1 
126 4 575 187 126 76 -1 -1 -1 -1 
126 5 898 453 157 107 -1 -1 -1 -1 
126 6 652 400 100 104 -1 -1 -1 -1 
126 9 948 153 11 22 -1 -1 -1 -1 
127 1 948 103 36 128 -1 -1 -1 -1 
127 2 271 408 155 120 -1 -1 -1 -1 
127 3 990 87 43 135 -1 -1 -1 -1 
127 4 575 186 126 77 -1 -1 -1 -1 
127 5 898 453 157 107 -1 -1 -1 -1 
127 6 652 400 100 104 -1 -1 -1 -1 
127 9 947 153 12 22 -1 -1 -1 -1 
127 10 950 140 18 53 -1 -1 -1 -1 
128 1 947 104 37 127 -1 -1 -1 -1 
128 2 271 408 153 120 -1 -1 -1 -1 
128 3 991 87 42 135 -1 -1 -1 -1 
128 4 575 186 126 77 -1 -1 -1 -1 
128 5 898 454 157 106 -1 -1 -1 -1 
128 6 652 400 100 104 -1 -1 -1 -1 
128 9 946 155 12 21 -1 -1 -1 -1 
128 10 949 133 21 69 -1 -1 -1 -1 
129 1 947 106 38 126 -1 -1 -1 -1 
129 2 271 409 153 119 -1 -1 -1 -1 
129 3 990 87 43 135 -1 -1 -1 -1 
129 4 575 186 126 76 -1 -1 -1 -1 
129 5 898 454 157 106 -1 -1 -1 -1 
129 6 652 400 100 104 -1 -1 -1 -1 
129 9 946 156 12 21 -1 -1 -1 -1 
129 10 948 132 23 74 -1 -1 -1 -1 
130 1 947 106 38 126 -1 -1 -1 -1 
130 2 271 409 153 119 -1 -1 -1 -1 
130 3 990 88 43 134 -1 -1 -1 -1 
130 4 575 186 126 76 -1 -1 -1 -1 
130 5 898 454 156 106 -1 -1 -1 -1 
130 6 652 400 100 104 -1 -1 -1 -1 
130 9 946 157 11 21 -1 -1 -1 -1 
131 1 947 108 38 125 -1 -1 -1 -1 
131 2 270 410 155 119 -1 -1 -1 -1 
131 3 989 87 44 135 -1 -1 -1 -1 
131 4 575 186 126 76 -1 -1 -1 -1 
131 5 898 454 157 106 -1 -1 -1 -1 
131 6 652 399 101 105 -1 -1 -1 -1 
131 9 945 157 12 21 -1 -1 -1 -1 
132 1 947 110 40 121 -1 -1 -1 -1 
132 2 271 410 154 118 -1 -1 -1 -1 
132 3 989 87 44 135 -1 -1 -1 -1 
132 4 575 186 126 76 -1 -1 -1 -1 
132 5 899 454 155 106 -1 -1 -1 -1 
132 6 652 399 100 105 -1 -1 -1 -1 
132 9 946 158 11 21 -1 -1 -1 -1 
133 1 947 113 41 117 -1 -1 -1 -1 
133 2 270 411 155 117 -1 -1 -1 -1 
133 3 988 87 45 135 -1 -1 -1 -1 
133 4 575 186 126 76 -1 -1 -1 -1 
133 5 899 454 155 106 -1 -1 -1 -1 
133 6 652 399 100 105 -1 -1 -1 -1 
133 9 946 160 10 20 -1 -1 -1 -1 
134 1 947 118 40 113 -1 -1 -1 -1 
134 2 270 411 156 118 -1 -1 -1 -1 
134 3 988 87 45 135 -1 -1 -1 -1 
134 4 575 186 126 76 -1 -1 -1 -1 
134 5 899 454 156 106 -1 -1 -1 -1 
134 6 652 399 100 105 -1 -1 -1 -1 
134 9 945 161 11 20 -1 -1 -1 -1 
135 1 945 119 45 112 -1 -1 -1 -1 
135 2 270 411 156 117 -1 -1 -1 -1 
135 3 988 87 45 135 -1 -1 -1 -1 
135 4 575 186 126 76 -1 -1 -1 -1 
135 5 899 454 156 106 -1 -1 -1 -1 
135 6 652 399 100 105 -1 -1 -1 -1 
135 9 945 162 12 20 -1 -1 -1 -1 
136 1 944 126 46 106 -1 -1 -1 -1 
136 2 269 412 158 116 -1 -1 -1 -1 
136 3 987 86 47 140 -1 -1 -1 -1 
136 4 575 186 126 76 -1 -1 -1 -1 
136 5 899 454 156 106 -1 -1 -1 -1 
136 6 652 399 101 105 -1 -1 -1 -1 
137 1 944 128 47 104 -1 -1 -1 -1 
137 2 269 412 158 116 -1 -1 -1 -1 
137 3 986 85 48 141 -1 -1 -1 -1 
137 4 575 186 126 76 -1 -1 -1 -1 
137 5 899 454 156 106 -1 -1 -1 -1 
137 6 651 399 102 105 -1 -1 -1 -1 
138 1 944 131 47 102 -1 -1 -1 -1 
138 2 269 412 158 116 -1 -1 -1 -1 
138 3 987 86 47 140 -1 -1 -1 -1 
138 4 575 186 126 76 -1 -1 -1 -1 
138 5 899 454 156 106 -1 -1 -1 -1 
138 6 651 399 101 105 -1 -1 -1 -1 
139 1 944 131 48 103 -1 -1 -1 -1 
139 2 270 412 157 116 -1 -1 -1 -1 
139 3 986 86 48 140 -1 -1 -1 -1 
139 4 575 186 126 76 -1 -1 -1 -1 
139 5 899 454 156 106 -1 -1 -1 -1 
139 6 651 399 101 105 -1 -1 -1 -1 
140 1 945 133 48 101 -1 -1 -1 -1 
140 2 270 412 157 116 -1 -1 -1 -1 
140 3 986 86 48 140 -1 -1 -1 -1 
140 4 575 186 126 76 -1 -1 -1 -1 
140 5 899 454 156 106 -1 -1 -1 -1 
140 6 651 399 101 105 -1 -1 -1 -1 
141 1 945 134 48 100 -1 -1 -1 -1 
141 2 270 412 157 116 -1 -1 -1 -1 
141 3 987 87 47 137 -1 -1 -1 -1 
141 4 575 186 126 76 -1 -1 -1 -1 
141 5 899 454 156 106 -1 -1 -1 -1 
141 6 651 399 101 105 -1 -1 -1 -1 
142 1 945 137 49 97 -1 -1 -1 -1 
142 2 270 412 157 116 -1 -1 -1 -1 
142 3 987 87 47 136 -1 -1 -1 -1 
142 4 575 186 126 76 -1 -1 -1 -1 
142 5 899 454 156 106 -1 -1 -1 -1 
142 6 651 399 101 105 -1 -1 -1 -1 
143 1 941 139 51 96 -1 -1 -1 -1 
143 2 270 412 157 116 -1 -1 -1 -1 
143 3 986 86 48 137 -1 -1 -1 -1 
143 4 575 186 126 76 -1 -1 -1 -1 
143 5 899 454 156 106 -1 -1 -1 -1 
143 6 651 399 101 105 -1 -1 -1 -1 
144 1 937 138 55 99 -1 -1 -1 -1 
144 2 270 412 157 116 -1 -1 -1 -1 
144 3 985 86 49 137 -1 -1 -1 -1 
144 4 575 186 126 76 -1 -1 -1 -1 
144 5 899 454 156 106 -1 -1 -1 -1 
144 6 651 399 102 105 -1 -1 -1 -1 
145 1 939 136 54 103 -1 -1 -1 -1 
145 2 270 412 157 116 -1 -1 -1 -1 
145 3 985 86 49 138 -1 -1 -1 -1 
145 4 575 186 126 76 -1 -1 -1 -1 
145 5 899 454 156 106 -1 -1 -1 -1 
145 6 651 399 102 105 -1 -1 -1 -1 
146 1 940 138 51 105 -1 -1 -1 -1 
146 2 271 412 156 116 -1 -1 -1 -1 
146 3 984 86 50 138 -1 -1 -1 -1 
146 4 575 185 126 77 -1 -1 -1 -1 
146 5 899 454 156 106 -1 -1 -1 -1 
146 6 651 399 102 105 -1 -1 -1 -1 
147 1 945 140 44 102 -1 -1 -1 -1 
147 2 271 412 156 116 -1 -1 -1 -1 
147 3 986 86 48 137 -1 -1 -1 -1 
147 4 575 186 126 76 -1 -1 -1 -1 
147 5 899 454 156 106 -1 -1 -1 -1 
147 6 651 399 102 105 -1 -1 -1 -1 
147 9 947 179 13 23 -1 -1 -1 -1 
148 1 945 140 45 103 -1 -1 -1 -1 
148 2 271 412 156 116 -1 -1 -1 -1 
148 3 985 86 49 137 -1 -1 -1 -1 
148 4 575 186 126 76 -1 -1 -1 -1 
148 5 899 454 156 106 -1 -1 -1 -1 
148 6 651 399 102 105 -1 -1 -1 -1 
148 9 947 183 13 21 -1 -1 -1 -1 
148 10 947 163 21 59 -1 -1 -1 -1 
149 1 946 139 50 105 -1 -1 -1 -1 
149 2 271 412 155 116 -1 -1 -1 -1 
149 3 986 87 48 136 -1 -1 -1 -1 
149 4 575 186 126 76 -1 -1 -1 -1 
149 5 899 454 156 106 -1 -1 -1 -1 
149 6 652 399 101 105 -1 -1 -1 -1 
149 9 950 182 15 24 -1 -1 -1 -1 
149 10 949 172 21 44 -1 -1 -1 -1 
150 1 947 141 47 103 -1 -1 -1 -1 
150 2 271 412 155 116 -1 -1 -1 -1 
150 3 986 87 47 135 -1 -1 -1 -1 
150 4 575 186 126 76 -1 -1 -1 -1 
150 5 899 454 156 106 -1 -1 -1 -1 
150 6 652 399 101 105 -1 -1 -1 -1 
150 9 954 184 16 25 -1 -1 -1 -1 
150 10 949 157 27 75 -1 -1 -1 -1 
151 1 948 142 45 104 -1 -1 -1 -1 
151 2 271 412 155 116 -1 -1 -1 -1 
151 3 986 88 48 135 -1 -1 -1 -1 
151 4 575 186 126 76 -1 -1 -1 -1 
151 5 899 454 156 106 -1 -1 -1 -1 
151 6 652 399 101 105 -1 -1 -1 -1 
151 9 955 188 14 24 -1 -1 -1 -1 
151 10 951 155 29 82 -1 -1 -1 -1 
152 1 949 143 48 104 -1 -1 -1 -1 
152 2 271 412 155 116 -1 -1 -1 -1 
152 3 987 88 46 133 -1 -1 -1 -1 
152 4 575 186 126 76 -1 -1 -1 -1 
152 5 899 454 156 106 -1 -1 -1 -1 
152 6 652 399 101 105 -1 -1 -1 -1 
153 1 948 140 51 109 -1 -1 -1 -1 
153 2 271 413 155 115 -1 -1 -1 -1 
153 3 987 88 46 133 -1 -1 -1 -1 
153 4 575 186 126 76 -1 -1 -1 -1 
153 5 899 454 156 106 -1 -1 -1 -1 
153 6 652 399 101 105 -1 -1 -1 -1 
154 1 948 139 52 112 -1 -1 -1 -1 
154 2 271 413 155 115 -1 -1 -1 -1 
154 3 989 87 44 138 -1 -1 -1 -1 
154 4 575 186 126 76 -1 -1 -1 -1 
154 5 899 454 156 106 -1 -1 -1 -1 
154 6 652 399 100 105 -1 -1 -1 -1 
155 1 945 138 57 113 -1 -1 -1 -1 
155 2 271 413 155 115 -1 -1 -1 -1 
155 3 988 88 46 135 -1 -1 -1 -1 
155 4 575 186 126 76 -1 -1 -1 -1 
155 5 899 454 156 106 -1 -1 -1 -1 
155 6 652 399 100 105 -1 -1 -1 -1 
156 1 946 131 58 120 -1 -1 -1 -1 
156 2 271 413 155 115 -1 -1 -1 -1 
156 3 989 88 45 135 -1 -1 -1 -1 
156 4 575 186 126 76 -1 -1 -1 -1 
156 5 899 454 156 106 -1 -1 -1 -1 
156 6 651 399 102 105 -1 -1 -1 -1 
156 9 984 187 14 27 -1 -1 -1 -1 
157 1 949 129 58 123 -1 -1 -1 -1 
157 2 271 414 156 114 -1 -1 -1 -1 
157 3 991 88 44 134 -1 -1 -1 -1 
157 4 575 185 126 77 -1 -1 -1 -1 
157 5 899 454 156 106 -1 -1 -1 -1 
157 6 652 399 101 106 -1 -1 -1 -1 
157 9 996 185 13 24 -1 -1 -1 -1 
158 1 955 128 53 124 -1 -1 -1 -1 
158 2 271 414 156 114 -1 -1 -1 -1 
158 3 991 88 44 136 -1 -1 -1 -1 
158 4 575 186 126 76 -1 -1 -1 -1 
158 5 898 454 157 106 -1 -1 -1 -1 
158 6 651 399 103 105 -1 -1 -1 -1 
159 1 959 126 51 128 -1 -1 -1 -1 
159 2 271 414 156 114 -1 -1 -1 -1 
159 3 993 88 42 134 -1 -1 -1 -1 
159 4 575 186 126 76 -1 -1 -1 -1 
159 5 898 454 157 106 -1 -1 -1 -1 
159 6 651 399 103 105 -1 -1 -1 -1 
160 1 965 126 50 128 -1 -1 -1 -1 
160 2 271 414 155 114 -1 -1 -1 -1 
160 3 993 88 42 135 -1 -1 -1 -1 
160 4 575 186 126 76 -1 -1 -1 -1 
160 5 899 454 156 106 -1 -1 -1 -1 
160 6 651 399 102 105 -1 -1 -1 -1 
161 1 967 125 55 132 -1 -1 -1 -1 
161 2 271 414 156 114 -1 -1 -1 -1 
161 3 993 89 43 137 -1 -1 -1 -1 
161 4 575 186 126 76 -1 -1 -1 -1 
161 5 898 454 157 106 -1 -1 -1 -1 
161 6 651 399 102 105 -1 -1 -1 -1 
162 1 966 128 57 136 -1 -1 -1 -1 
162 2 271 414 156 114 -1 -1 -1 -1 
162 3 994 89 43 141 -1 -1 -1 -1 
162 4 575 185 125 77 -1 -1 -1 -1 
162 5 898 453 158 107 -1 -1 -1 -1 
162 6 650 398 104 107 -1 -1 -1 -1 
163 1 968 132 60 131 -1 -1 -1 -1 
163 2 271 414 156 114 -1 -1 -1 -1 
163 3 994 89 43 141 -1 -1 -1 -1 
163 4 575 185 126 77 -1 -1 -1 -1 
163 5 898 453 158 107 -1 -1 -1 -1 
164 1 965 143 65 123 -1 -1 -1 -1 
164 2 270 414 157 114 -1 -1 -1 -1 
164 3 995 87 45 153 -1 -1 -1 -1 
164 4 575 185 126 77 -1 -1 -1 -1 
164 5 898 453 159 108 -1 -1 -1 -1 
164 6 650 398 105 107 -1 -1 -1 -1 
165 1 963 148 70 120 -1 -1 -1 -1 
165 2 270 414 157 114 -1 -1 -1 -1 
165 3 995 87 45 153 -1 -1 -1 -1 
165 4 575 185 126 77 -1 -1 -1 -1 
165 5 898 453 159 107 -1 -1 -1 -1 
166 1 965 158 69 112 -1 -1 -1 -1 
166 2 270 414 157 114 -1 -1 -1 -1 
166 3 994 85 46 158 -1 -1 -1 -1 
166 4 575 185 126 77 -1 -1 -1 -1 
166 5 898 453 159 107 -1 -1 -1 -1 
166 6 651 398 105 107 -1 -1 -1 -1 
167 1 965 163 69 110 -1 -1 -1 -1 
167 2 270 414 157 114 -1 -1 -1 -1 
167 3 997 87 44 150 -1 -1 -1 -1 
167 4 575 184 126 78 -1 -1 -1 -1 
167 5 899 453 158 107 -1 -1 -1 -1 
167 6 651 398 105 107 -1 -1 -1 -1 
168 1 966 170 67 106 -1 -1 -1 -1 
168 2 270 414 157 114 -1 -1 -1 -1 
168 3 997 89 44 149 -1 -1 -1 -1 
168 4 575 185 126 77 -1 -1 -1 -1 
168 5 899 453 158 107 -1 -1 -1 -1 
168 6 651 398 105 107 -1 -1 -1 -1 
169 1 969 179 64 105 -1 -1 -1 -1 
169 2 270 414 157 115 -1 -1 -1 -1 
169 3 992 88 49 158 -1 -1 -1 -1 
169 4 575 185 126 77 -1 -1 -1 -1 
169 5 898 453 159 108 -1 -1 -1 -1 
169 6 650 398 106 107 -1 -1 -1 -1 
170 1 977 176 58 109 -1 -1 -1 -1 
170 2 270 414 157 115 -1 -1 -1 -1 
170 3 992 86 50 171 -1 -1 -1 -1 
170 4 575 185 126 77 -1 -1 -1 -1 
170 5 898 453 159 108 -1 -1 -1 -1 
170 6 650 398 105 106 -1 -1 -1 -1 
170 9 962 209 14 23 -1 -1 -1 -1 
171 1 972 180 62 105 -1 -1 -1 -1 
171 2 270 414 157 115 -1 -1 -1 -1 
171 3 992 86 49 156 -1 -1 -1 -1 
171 4 575 185 125 77 -1 -1 -1 -1 
171 5 898 453 159 108 -1 -1 -1 -1 
171 6 650 397 105 108 -1 -1 -1 -1 
171 9 947 234 16 25 -1 -1 -1 -1 
172 1 974 188 61 97 -1 -1 -1 -1 
172 2 270 414 157 115 -1 -1 -1 -1 
172 3 993 90 49 147 -1 -1 -1 -1 
172 4 575 185 126 77 -1 -1 -1 -1 
172 5 898 453 159 108 -1 -1 -1 -1 
172 6 649 397 106 108 -1 -1 -1 -1 
172 9 945 254 17 26 -1 -1 -1 -1 
173 1 975 187 60 99 -1 -1 -1 -1 
173 2 270 414 157 115 -1 -1 -1 -1 
173 3 989 88 53 167 -1 -1 -1 -1 
173 4 575 185 125 77 -1 -1 -1 -1 
173 5 898 452 160 108 -1 -1 -1 -1 
173 6 652 397 102 107 -1 -1 -1 -1 
173 9 953 271 19 27 -1 -1 -1 -1 
174 1 980 189 55 97 -1 -1 -1 -1 
174 2 270 414 157 115 -1 -1 -1 -1 
174 3 988 88 54 167 -1 -1 -1 -1 
174 4 575 185 125 77 -1 -1 -1 -1 
174 5 898 452 160 108 -1 -1 -1 -1 
174 6 653 396 101 108 -1 -1 -1 -1 
174 9 961 279 18 28 -1 -1 -1 -1 
175 1 984 194 51 92 -1 -1 -1 -1 
175 2 270 413 157 116 -1 -1 -1 -1 
175 3 988 93 53 144 -1 -1 -1 -1 
175 4 575 185 126 77 -1 -1 -1 -1 
175 5 898 452 160 108 -1 -1 -1 -1 
175 6 654 395 101 109 -1 -1 -1 -1 
175 9 969 282 18 27 -1 -1 -1 -1 
176 1 987 190 55 95 -1 -1 -1 -1 
176 2 270 414 157 115 -1 -1 -1 -1 
176 3 988 93 53 145 -1 -1 -1 -1 
176 4 575 184 126 78 -1 -1 -1 -1 
176 5 898 452 160 108 -1 -1 -1 -1 
176 6 652 395 105 109 -1 -1 -1 -1 
176 9 978 287 18 26 -1 -1 -1 -1 
177 1 987 186 56 97 -1 -1 -1 -1 
177 2 270 414 157 115 -1 -1 -1 -1 
177 3 991 93 48 141 -1 -1 -1 -1 
177 4 575 184 126 78 -1 -1 -1 -1 
177 5 898 452 160 108 -1 -1 -1 -1 
177 6 651 394 108 110 -1 -1 -1 -1 
177 9 986 294 18 26 -1 -1 -1 -1 
178 1 986 185 57 101 -1 -1 -1 -1 
178 2 270 414 157 115 -1 -1 -1 -1 
178 3 991 93 46 143 -1 -1 -1 -1 
178 4 575 184 126 78 -1 -1 -1 -1 
178 5 898 452 161 108 -1 -1 -1 -1 
178 6 650 394 110 109 -1 -1 -1 -1 
178 9 995 301 17 27 -1 -1 -1 -1 
179 1 983 186 50 101 -1 -1 -1 -1 
179 2 271 414 157 115 -1 -1 -1 -1 
179 3 986 93 48 140 -1 -1 -1 -1 
179 4 575 184 126 78 -1 -1 -1 -1 
179 5 899 451 160 110 -1 -1 -1 -1 
179 6 645 393 119 110 -1 -1 -1 -1 
179 9 1003 311 18 26 -1 -1 -1 -1 
180 1 980 183 58 103 -1 -1 -1 -1 
180 2 271 414 159 116 -1 -1 -1 -1 
180 3 982 93 53 145 -1 -1 -1 -1 
180 4 574 183 127 79 -1 -1 -1 -1 
180 5 898 450 162 111 -1 -1 -1 -1 
180 6 636 393 129 111 -1 -1 -1 -1 
180 9 1011 320 20 27 -1 -1 -1 -1 
181 1 980 185 53 99 -1 -1 -1 -1 
181 2 275 414 157 117 -1 -1 -1 -1 
181 3 978 93 55 147 -1 -1 -1 -1 
181 4 575 183 126 80 -1 -1 -1 -1 
181 5 898 450 164 111 -1 -1 -1 -1 
181 6 626 393 143 111 -1 -1 -1 -1 
181 9 1018 331 19 29 -1 -1 -1 -1 
182 1 971 184 60 102 -1 -1 -1 -1 
182 2 277 414 157 117 -1 -1 -1 -1 
182 3 979 93 53 148 -1 -1 -1 -1 
182 4 575 182 125 81 -1 -1 -1 -1 
182 5 898 449 165 112 -1 -1 -1 -1 
182 6 624 393 149 111 -1 -1 -1 -1 
182 9 1027 345 19 29 -1 -1 -1 -1 
183 1 958 189 75 96 -1 -1 -1 -1 
183 2 285 413 155 119 -1 -1 -1 -1 
183 3 981 93 49 139 -1 -1 -1 -1 
183 4 575 183 125 80 -1 -1 -1 -1 
183 5 895 447 179 115 -1 -1 -1 -1 
183 6 621 394 155 111 -1 -1 -1 -1 
183 9 1036 359 20 31 -1 -1 -1 -1 
184 1 972 192 61 94 -1 -1 -1 -1 
184 2 289 414 153 119 -1 -1 -1 -1 
184 3 977 94 53 130 -1 -1 -1 -1 
184 4 575 183 126 80 -1 -1 -1 -1 
184 5 894 446 182 116 -1 -1 -1 -1 
184 6 622 397 158 108 -1 -1 -1 -1 
184 9 1044 371 21 28 -1 -1 -1 -1 
185 1 972 192 61 94 -1 -1 -1 -1 
185 2 294 415 148 119 -1 -1 -1 -1 
185 3 974 96 55 123 -1 -1 -1 -1 
185 4 575 183 125 80 -1 -1 -1 -1 
185 5 892 447 190 115 -1 -1 -1 -1 
185 6 620 402 172 103 -1 -1 -1 -1 
186 1 928 190 104 95 -1 -1 -1 -1 
186 2 296 416 147 119 -1 -1 -1 -1 
186 3 974 96 52 127 -1 -1 -1 -1 
186 4 575 184 125 79 -1 -1 -1 -1 
186 5 899 448 177 113 -1 -1 -1 -1 
186 6 619 415 175 90 -1 -1 -1 -1 
186 9 1059 380 18 28 -1 -1 -1 -1 
187 1 920 191 101 95 -1 -1 -1 -1 
187 2 299 417 144 119 -1 -1 -1 -1 
187 3 975 95 47 136 -1 -1 -1 -1 
187 4 575 184 125 79 -1 -1 -1 -1 
187 5 899 448 183 113 -1 -1 -1 -1 
187 6 623 422 176 83 -1 -1 -1 -1 
187 9 1066 386 20 28 -1 -1 -1 -1 
188 1 923 190 95 97 -1 -1 -1 -1 
188 2 300 419 144 117 -1 -1 -1 -1 
188 3 975 95 44 139 -1 -1 -1 -1 
188 4 575 184 125 79 -1 -1 -1 -1 
188 5 899 450 186 108 -1 -1 -1 -1 
188 6 623 433 178 72 -1 -1 -1 -1 
189 1 926 186 90 103 -1 -1 -1 -1 
189 2 301 420 144 117 -1 -1 -1 -1 
189 3 974 96 41 136 -1 -1 -1 -1 
189 4 575 185 126 78 -1 -1 -1 -1 
189 5 899 452 198 102 -1 -1 -1 -1 
189 6 622 435 179 70 -1 -1 -1 -1 
190 1 930 186 85 106 -1 -1 -1 -1 
190 2 302 420 143 117 -1 -1 -1 -1 
190 3 970 99 41 124 -1 -1 -1 -1 
190 4 575 185 126 78 -1 -1 -1 -1 
190 5 901 454 198 100 -1 -1 -1 -1 
190 6 625 439 187 67 -1 -1 -1 -1 
191 1 937 187 78 109 -1 -1 -1 -1 
191 2 299 421 148 117 -1 -1 -1 -1 
191 3 967 100 40 131 -1 -1 -1 -1 
191 4 575 185 126 77 -1 -1 -1 -1 
191 5 900 457 207 96 -1 -1 -1 -1 
191 6 632 442 186 64 -1 -1 -1 -1 
192 1 920 186 97 109 -1 -1 -1 -1 
192 2 300 420 147 119 -1 -1 -1 -1 
192 3 964 100 40 137 -1 -1 -1 -1 
192 4 575 185 126 77 -1 -1 -1 -1 
192 5 897 460 203 92 -1 -1 -1 -1 
192 6 642 440 193 68 -1 -1 -1 -1 
192 9 1106 441 18 28 -1 -1 -1 -1 
193 1 907 182 107 114 -1 -1 -1 -1 
193 2 301 420 146 119 -1 -1 -1 -1 
193 3 961 101 38 140 -1 -1 -1 -1 
193 4 575 185 126 78 -1 -1 -1 -1 
193 5 897 469 223 82 -1 -1 -1 -1 
193 6 662 442 180 66 -1 -1 -1 -1 
193 9 1113 456 20 27 -1 -1 -1 -1 
194 1 899 177 107 120 -1 -1 -1 -1 
194 2 302 420 146 121 -1 -1 -1 -1 
194 3 959 101 38 142 -1 -1 -1 -1 
194 4 575 185 126 77 -1 -1 -1 -1 
194 5 893 475 233 73 -1 -1 -1 -1 
194 6 660 446 195 61 -1 -1 -1 -1 
194 9 1123 460 18 26 -1 -1 -1 -1 
195 1 895 173 101 124 -1 -1 -1 -1 
195 2 303 419 146 122 -1 -1 -1 -1 
195 3 956 103 41 142 -1 -1 -1 -1 
195 4 575 184 126 78 -1 -1 -1 -1 
195 5 911 479 215 67 -1 -1 -1 -1 
195 6 664 451 195 56 -1 -1 -1 -1 
196 1 896 173 90 123 -1 -1 -1 -1 
196 2 303 419 146 123 -1 -1 -1 -1 
196 3 953 104 42 140 -1 -1 -1 -1 
196 4 575 183 125 80 -1 -1 -1 -1 
196 5 918 485 212 61 -1 -1 -1 -1 
196 6 667 452 194 55 -1 -1 -1 -1 
197 1 895 175 75 123 -1 -1 -1 -1 
197 2 304 419 145 123 -1 -1 -1 -1 
197 3 949 106 45 132 -1 -1 -1 -1 
197 4 575 183 125 80 -1 -1 -1 -1 
197 5 926 484 224 62 -1 -1 -1 -1 
197 6 672 449 193 58 -1 -1 -1 -1 
198 1 896 175 65 124 -1 -1 -1 -1 
198 2 303 418 147 124 -1 -1 -1 -1 
198 3 944 111 47 123 -1 -1 -1 -1 
198 4 575 183 126 79 -1 -1 -1 -1 
198 5 935 477 195 67 -1 -1 -1 -1 
198 6 676 441 194 68 -1 -1 -1 -1 
199 1 894 174 65 127 -1 -1 -1 -1 
199 2 301 419 148 123 -1 -1 -1 -1 
199 3 941 115 49 119 -1 -1 -1 -1 
199 4 575 184 127 78 -1 -1 -1 -1 
199 5 941 469 207 75 -1 -1 -1 -1 
199 6 691 437 193 73 -1 -1 -1 -1 
200 1 889 173 68 128 -1 -1 -1 -1 
200 2 304 419 145 123 -1 -1 -1 -1 
200 3 938 119 51 115 -1 -1 -1 -1 
200 4 575 184 125 80 -1 -1 -1 -1 
200 5 933 464 236 83 -1 -1 -1 -1 
200 6 698 431 188 80 -1 -1 -1 -1 
201 1 882 172 73 130 -1 -1 -1 -1 
201 2 309 419 140 123 -1 -1 -1 -1 
201 3 936 122 54 114 -1 -1 -1 -1 
201 4 575 184 126 78 -1 -1 -1 -1 
201 5 936 464 238 83 -1 -1 -1 -1 
201 6 705 433 183 75 -1 -1 -1 -1 
202 1 872 171 77 132 -1 -1 -1 -1 
202 2 319 418 128 125 -1 -1 -1 -1 
202 3 932 124 58 112 -1 -1 -1 -1 
202 4 575 184 126 78 -1 -1 -1 -1 
202 5 938 462 241 86 -1 -1 -1 -1 
202 6 708 431 181 78 -1 -1 -1 -1 
202 9 1204 492 22 32 -1 -1 -1 -1 
203 1 863 172 77 133 -1 -1 -1 -1 
203 2 327 420 120 121 -1 -1 -1 -1 
203 3 930 132 59 103 -1 -1 -1 -1 
203 4 575 184 126 78 -1 -1 -1 -1 
203 5 938 462 245 86 -1 -1 -1 -1 
203 6 697 427 192 85 -1 -1 -1 -1 
203 9 1214 496 24 34 -1 -1 -1 -1 
204 1 856 171 76 137 -1 -1 -1 -1 
204 2 330 415 118 127 -1 -1 -1 -1 
204 3 927 138 58 97 -1 -1 -1 -1 
204 4 575 184 125 80 -1 -1 -1 -1 
204 5 939 462 241 86 -1 -1 -1 -1 
204 6 709 430 183 79 -1 -1 -1 -1 
204 9 1229 503 23 34 -1 -1 -1 -1 
205 1 849 170 63 139 -1 -1 -1 -1 
205 2 330 413 118 130 -1 -1 -1 -1 
205 3 925 142 56 92 -1 -1 -1 -1 
205 4 575 184 126 78 -1 -1 -1 -1 
205 5 939 464 239 83 -1 -1 -1 -1 
205 6 708 429 183 80 -1 -1 -1 -1 
205 9 1242 511 23 34 -1 -1 -1 -1 
206 1 834 172 63 136 -1 -1 -1 -1 
206 2 331 410 118 132 -1 -1 -1 -1 
206 3 921 146 59 89 -1 -1 -1 -1 
206 4 575 183 126 79 -1 -1 -1 -1 
206 5 939 470 237 77 -1 -1 -1 -1 
206 6 708 427 183 83 -1 -1 -1 -1 
206 9 1255 518 24 35 -1 -1 -1 -1 
207 1 830 172 53 137 -1 -1 -1 -1 
207 2 332 408 117 135 -1 -1 -1 -1 
207 3 919 147 58 89 -1 -1 -1 -1 
207 4 575 182 126 80 -1 -1 -1 -1 
207 5 945 476 222 71 -1 -1 -1 -1 
207 6 708 431 183 79 -1 -1 -1 -1 
207 9 1266 530 13 32 -1 -1 -1 -1 
208 1 820 171 55 137 -1 -1 -1 -1 
208 2 332 407 117 135 -1 -1 -1 -1 
208 3 918 149 56 87 -1 -1 -1 -1 
208 4 575 183 126 79 -1 -1 -1 -1 
208 5 938 483 237 64 -1 -1 -1 -1 
208 6 707 434 179 76 -1 -1 -1 -1 
209 1 813 170 57 138 -1 -1 -1 -1 
209 2 333 406 116 138 -1 -1 -1 -1 
209 3 916 150 56 87 -1 -1 -1 -1 
209 4 575 184 126 78 -1 -1 -1 -1 
209 5 940 485 219 60 -1 -1 -1 -1 
209 6 705 436 182 74 -1 -1 -1 -1 
210 1 802 168 67 139 -1 -1 -1 -1 
210 2 333 405 116 138 -1 -1 -1 -1 
210 3 914 152 55 86 -1 -1 -1 -1 
210 4 575 184 127 78 -1 -1 -1 -1 
210 5 930 486 242 61 -1 -1 -1 -1 
210 6 699 432 185 78 -1 -1 -1 -1 
211 1 791 163 72 144 -1 -1 -1 -1 
211 2 334 405 115 138 -1 -1 -1 -1 
211 3 914 152 54 88 -1 -1 -1 -1 
211 4 575 184 126 78 -1 -1 -1 -1 
211 5 927 486 248 62 -1 -1 -1 -1 
211 6 699 438 189 74 -1 -1 -1 -1 
212 1 776 161 78 148 -1 -1 -1 -1 
212 2 334 404 115 139 -1 -1 -1 -1 
212 3 913 153 53 86 -1 -1 -1 -1 
212 4 575 184 126 78 -1 -1 -1 -1 
212 5 930 487 244 61 -1 -1 -1 -1 
212 6 698 440 186 71 -1 -1 -1 -1 
213 1 764 161 83 148 -1 -1 -1 -1 
213 2 335 403 115 140 -1 -1 -1 -1 
213 3 913 154 53 87 -1 -1 -1 -1 
213 4 575 185 126 78 -1 -1 -1 -1 
213 5 940 486 219 58 -1 -1 -1 -1 
213 6 694 443 187 67 -1 -1 -1 -1 
214 1 758 164 75 145 -1 -1 -1 -1 
214 2 335 402 116 141 -1 -1 -1 -1 
214 3 912 156 53 84 -1 -1 -1 -1 
214 4 575 184 126 78 -1 -1 -1 -1 
214 5 939 485 217 59 -1 -1 -1 -1 
214 6 689 447 189 62 -1 -1 -1 -1 
215 1 752 166 66 143 -1 -1 -1 -1 
215 2 335 402 116 141 -1 -1 -1 -1 
215 3 912 157 54 84 -1 -1 -1 -1 
215 4 575 183 126 80 -1 -1 -1 -1 
215 5 933 484 217 59 -1 -1 -1 -1 
215 6 681 449 196 60 -1 -1 -1 -1 
216 1 743 168 59 141 -1 -1 -1 -1 
216 2 335 401 121 142 -1 -1 -1 -1 
216 3 912 158 53 83 -1 -1 -1 -1 
216 4 575 185 125 78 -1 -1 -1 -1 
216 5 929 481 214 62 -1 -1 -1 -1 
216 6 681 448 194 61 -1 -1 -1 -1 
217 1 735 169 57 140 -1 -1 -1 -1 
217 2 334 400 125 143 -1 -1 -1 -1 
217 3 912 159 53 82 -1 -1 -1 -1 
217 4 575 184 125 79 -1 -1 -1 -1 
217 5 926 478 215 64 -1 -1 -1 -1 
217 6 687 448 189 61 -1 -1 -1 -1 
218 1 725 170 62 138 -1 -1 -1 -1 
218 2 333 399 130 143 -1 -1 -1 -1 
218 3 912 162 53 81 -1 -1 -1 -1 
218 4 575 184 125 78 -1 -1 -1 -1 
218 5 927 474 207 68 -1 -1 -1 -1 
218 6 681 448 191 61 -1 -1 -1 -1 
219 1 716 169 64 142 -1 -1 -1 -1 
219 2 332 398 133 144 -1 -1 -1 -1 
219 3 911 164 55 80 -1 -1 -1 -1 
219 4 575 184 125 78 -1 -1 -1 -1 
219 5 925 470 203 71 -1 -1 -1 -1 
219 6 678 441 198 68 -1 -1 -1 -1 
220 1 700 168 74 143 -1 -1 -1 -1 
220 2 332 396 134 146 -1 -1 -1 -1 
220 3 912 165 55 79 -1 -1 -1 -1 
220 4 575 184 125 78 -1 -1 -1 -1 
220 5 924 469 199 72 -1 -1 -1 -1 
220 6 679 441 196 68 -1 -1 -1 -1 
221 1 686 169 80 142 -1 -1 -1 -1 
221 2 331 395 135 147 -1 -1 -1 -1 
221 3 911 166 56 82 -1 -1 -1 -1 
221 4 576 184 116 77 -1 -1 -1 -1 
221 5 930 466 190 75 -1 -1 -1 -1 
221 6 680 440 193 69 -1 -1 -1 -1 
222 1 675 171 78 138 -1 -1 -1 -1 
222 2 331 393 135 149 -1 -1 -1 -1 
222 3 911 169 57 78 -1 -1 -1 -1 
222 4 576 184 111 77 -1 -1 -1 -1 
222 5 932 462 186 78 -1 -1 -1 -1 
222 6 680 439 192 70 -1 -1 -1 -1 
223 1 672 174 70 135 -1 -1 -1 -1 
223 2 330 391 136 151 -1 -1 -1 -1 
223 3 911 171 58 78 -1 -1 -1 -1 
223 4 575 184 108 78 -1 -1 -1 -1 
223 5 936 461 186 78 -1 -1 -1 -1 
223 6 681 439 189 70 -1 -1 -1 -1 
224 1 672 173 60 138 -1 -1 -1 -1 
224 2 330 387 136 155 -1 -1 -1 -1 
224 3 911 173 58 75 -1 -1 -1 -1 
224 4 577 185 102 76 -1 -1 -1 -1 
224 5 936 459 186 81 -1 -1 -1 -1 
224 6 680 443 186 66 -1 -1 -1 -1 
225 1 660 173 65 138 -1 -1 -1 -1 
225 2 328 386 137 156 -1 -1 -1 -1 
225 3 911 176 58 73 -1 -1 -1 -1 
225 4 577 185 102 76 -1 -1 -1 -1 
225 5 934 457 189 83 -1 -1 -1 -1 
226 1 649 173 64 139 -1 -1 -1 -1 
226 2 328 383 137 159 -1 -1 -1 -1 
226 3 911 179 59 69 -1 -1 -1 -1 
226 5 934 451 187 89 -1 -1 -1 -1 
226 6 681 442 180 68 -1 -1 -1 -1 
227 1 643 172 64 137 -1 -1 -1 -1 
227 2 327 378 138 165 -1 -1 -1 -1 
227 3 911 180 59 68 -1 -1 -1 -1 
227 5 939 449 184 92 -1 -1 -1 -1 
227 6 683 441 173 69 -1 -1 -1 -1 
228 1 636 170 66 139 -1 -1 -1 -1 
228 2 328 373 136 169 -1 -1 -1 -1 
228 3 911 181 62 66 -1 -1 -1 -1 
228 5 942 446 179 95 -1 -1 -1 -1 
228 6 687 440 167 71 -1 -1 -1 -1 
229 1 619 168 77 141 -1 -1 -1 -1 
229 2 329 369 134 172 -1 -1 -1 -1 
229 3 911 181 62 66 -1 -1 -1 -1 
229 5 943 444 173 98 -1 -1 -1 -1 
229 6 688 439 162 72 -1 -1 -1 -1 
230 1 612 161 80 147 -1 -1 -1 -1 
230 2 332 367 132 174 -1 -1 -1 -1 
230 3 910 182 64 66 -1 -1 -1 -1 
230 5 951 440 151 102 -1 -1 -1 -1 
230 6 693 438 154 73 -1 -1 -1 -1 
231 1 597 163 94 141 -1 -1 -1 -1 
231 2 335 362 131 178 -1 -1 -1 -1 
231 3 909 182 65 65 -1 -1 -1 -1 
231 5 954 438 144 104 -1 -1 -1 -1 
231 6 691 437 155 74 -1 -1 -1 -1 
232 1 597 165 80 137 -1 -1 -1 -1 
232 2 342 358 126 181 -1 -1 -1 -1 
232 3 909 182 65 66 -1 -1 -1 -1 
232 5 956 436 142 107 -1 -1 -1 -1 
232 6 691 435 151 76 -1 -1 -1 -1 
233 1 595 164 76 138 -1 -1 -1 -1 
233 2 350 353 119 187 -1 -1 -1 -1 
233 3 910 182 63 67 -1 -1 -1 -1 
233 5 956 433 144 111 -1 -1 -1 -1 
233 6 691 434 152 77 -1 -1 -1 -1 
234 1 597 162 62 139 -1 -1 -1 -1 
234 2 356 350 114 190 -1 -1 -1 -1 
234 3 909 183 65 65 -1 -1 -1 -1 
234 5 954 432 147 112 -1 -1 -1 -1 
234 6 690 434 152 78 -1 -1 -1 -1 
235 1 594 163 55 137 -1 -1 -1 -1 
235 2 366 346 104 193 -1 -1 -1 -1 
235 3 909 183 64 65 -1 -1 -1 -1 
235 5 953 431 148 113 -1 -1 -1 -1 
235 6 689 435 152 77 -1 -1 -1 -1 
236 1 586 162 59 138 -1 -1 -1 -1 
236 2 377 343 93 196 -1 -1 -1 -1 
236 3 909 184 63 64 -1 -1 -1 -1 
236 5 951 431 149 113 -1 -1 -1 -1 
236 6 688 434 152 79 -1 -1 -1 -1 
237 1 588 158 56 138 -1 -1 -1 -1 
237 2 384 342 87 198 -1 -1 -1 -1 
237 3 909 185 63 64 -1 -1 -1 -1 
237 5 944 433 153 111 -1 -1 -1 -1 
237 6 687 433 151 82 -1 -1 -1 -1 
238 1 579 154 60 144 -1 -1 -1 -1 
238 2 392 340 79 202 -1 -1 -1 -1 
238 3 908 185 64 64 -1 -1 -1 -1 
238 5 941 433 156 110 -1 -1 -1 -1 
238 6 686 434 152 81 -1 -1 -1 -1 
239 1 575 150 59 150 -1 -1 -1 -1 
239 2 405 338 70 203 -1 -1 -1 -1 
239 3 907 185 64 64 -1 -1 -1 -1 
239 5 943 431 154 111 -1 -1 -1 -1 
239 6 685 433 153 82 -1 -1 -1 -1 
240 1 569 147 61 150 -1 -1 -1 -1 
240 2 414 337 64 207 -1 -1 -1 -1 
240 3 905 185 66 64 -1 -1 -1 -1 
240 5 941 432 156 110 -1 -1 -1 -1 
240 6 685 432 153 83 -1 -1 -1 -1 
241 1 562 148 59 147 -1 -1 -1 -1 
241 2 417 336 60 208 -1 -1 -1 -1 
241 3 899 185 72 63 -1 -1 -1 -1 
241 5 940 433 157 109 -1 -1 -1 -1 
241 6 685 433 154 82 -1 -1 -1 -1 
242 1 558 148 57 148 -1 -1 -1 -1 
242 2 418 336 60 207 -1 -1 -1 -1 
242 3 895 185 74 63 -1 -1 -1 -1 
242 5 940 433 157 108 -1 -1 -1 -1 
242 6 685 433 153 82 -1 -1 -1 -1 
243 1 553 150 57 144 -1 -1 -1 -1 
243 2 419 335 65 208 -1 -1 -1 -1 
243 3 891 184 78 64 -1 -1 -1 -1 
243 5 939 432 158 109 -1 -1 -1 -1 
243 6 684 434 155 82 -1 -1 -1 -1 
244 1 549 151 60 141 -1 -1 -1 -1 
244 2 419 336 74 206 -1 -1 -1 -1 
244 3 887 184 81 64 -1 -1 -1 -1 
244 5 939 432 159 109 -1 -1 -1 -1 
244 6 684 434 155 82 -1 -1 -1 -1 
245 1 548 153 60 135 -1 -1 -1 -1 
245 2 419 337 83 206 -1 -1 -1 -1 
245 3 884 185 84 63 -1 -1 -1 -1 
245 5 939 432 159 108 -1 -1 -1 -1 
245 6 684 435 155 80 -1 -1 -1 -1 
246 1 544 154 59 134 -1 -1 -1 -1 
246 2 419 337 91 206 -1 -1 -1 -1 
246 3 881 184 86 64 -1 -1 -1 -1 
246 5 940 431 159 109 -1 -1 -1 -1 
246 6 684 434 156 81 -1 -1 -1 -1 
247 1 541 153 59 133 -1 -1 -1 -1 
247 2 420 336 95 207 -1 -1 -1 -1 
247 3 882 184 84 64 -1 -1 -1 -1 
247 5 937 430 161 111 -1 -1 -1 -1 
247 6 686 430 156 85 -1 -1 -1 -1 
248 1 538 151 62 134 -1 -1 -1 -1 
248 2 420 338 98 207 -1 -1 -1 -1 
248 3 881 184 84 64 -1 -1 -1 -1 
248 4 596 182 109 81 -1 -1 -1 -1 
248 5 936 429 161 112 -1 -1 -1 -1 
248 6 685 431 153 83 -1 -1 -1 -1 
249 1 538 150 60 134 -1 -1 -1 -1 
249 2 422 339 96 206 -1 -1 -1 -1 
249 3 882 184 82 65 -1 -1 -1 -1 
249 4 595 183 110 79 -1 -1 -1 -1 
249 5 935 426 163 114 -1 -1 -1 -1 
249 6 688 429 148 85 -1 -1 -1 -1 
250 1 540 147 56 136 -1 -1 -1 -1 
250 2 423 339 98 207 -1 -1 -1 -1 
250 3 882 183 80 66 -1 -1 -1 -1 
250 4 595 183 109 79 -1 -1 -1 -1 
250 5 935 425 161 114 -1 -1 -1 -1 
250 6 694 424 140 91 -1 -1 -1 -1 
251 1 538 145 54 137 -1 -1 -1 -1 
251 2 426 340 95 206 -1 -1 -1 -1 
251 3 882 183 79 66 -1 -1 -1 -1 
251 4 597 184 108 78 -1 -1 -1 -1 
251 5 941 423 153 113 -1 -1 -1 -1 
251 6 698 421 131 94 -1 -1 -1 -1 
252 1 539 148 50 134 -1 -1 -1 -1 
252 2 428 339 95 207 -1 -1 -1 -1 
252 3 882 182 78 68 -1 -1 -1 -1 
252 4 597 184 108 78 -1 -1 -1 -1 
252 5 942 420 152 116 -1 -1 -1 -1 
253 1 538 147 50 134 -1 -1 -1 -1 
253 2 432 338 90 209 -1 -1 -1 -1 
253 3 882 181 77 67 -1 -1 -1 -1 
253 4 593 186 110 76 -1 -1 -1 -1 
253 5 945 420 149 115 -1 -1 -1 -1 
253 6 698 417 118 98 -1 -1 -1 -1 
254 1 537 146 51 132 -1 -1 -1 -1 
254 2 437 338 86 209 -1 -1 -1 -1 
254 3 881 181 77 67 -1 -1 -1 -1 
254 4 586 186 114 76 -1 -1 -1 -1 
254 5 950 419 146 117 -1 -1 -1 -1 
254 6 698 415 111 100 -1 -1 -1 -1 
255 1 536 146 50 132 -1 -1 -1 -1 
255 2 444 337 80 210 -1 -1 -1 -1 
255 3 881 181 77 67 -1 -1 -1 -1 
255 4 584 187 115 75 -1 -1 -1 -1 
255 5 960 418 136 117 -1 -1 -1 -1 
255 6 698 416 103 100 -1 -1 -1 -1 
256 1 533 145 52 131 -1 -1 -1 -1 
256 2 450 336 77 211 -1 -1 -1 -1 
256 3 881 180 78 68 -1 -1 -1 -1 
256 4 583 188 117 76 -1 -1 -1 -1 
256 5 974 418 121 118 -1 -1 -1 -1 
256 6 698 414 98 101 -1 -1 -1 -1 
257 1 530 144 54 131 -1 -1 -1 -1 
257 2 459 336 67 211 -1 -1 -1 -1 
257 3 880 180 78 68 -1 -1 -1 -1 
257 4 582 188 118 76 -1 -1 -1 -1 
257 5 985 415 111 122 -1 -1 -1 -1 
257 6 698 413 96 102 -1 -1 -1 -1 
258 1 526 142 57 132 -1 -1 -1 -1 
258 2 467 336 60 211 -1 -1 -1 -1 
258 3 880 179 78 69 -1 -1 -1 -1 
258 4 579 188 120 74 -1 -1 -1 -1 
258 5 994 413 103 126 -1 -1 -1 -1 
258 6 697 412 96 103 -1 -1 -1 -1 
259 1 525 140 57 134 -1 -1 -1 -1 
259 2 477 336 51 211 -1 -1 -1 -1 
259 3 880 179 78 69 -1 -1 -1 -1 
259 4 577 188 123 75 -1 -1 -1 -1 
259 5 1001 414 98 125 -1 -1 -1 -1 
259 6 697 412 94 104 -1 -1 -1 -1 
260 1 518 139 65 137 -1 -1 -1 -1 
260 2 481 335 50 215 -1 -1 -1 -1 
260 3 880 177 78 71 -1 -1 -1 -1 
260 4 576 188 124 75 -1 -1 -1 -1 
260 5 1003 415 97 126 -1 -1 -1 -1 
260 6 698 411 94 106 -1 -1 -1 -1 
261 1 516 138 66 137 -1 -1 -1 -1 
261 2 485 335 48 215 -1 -1 -1 -1 
261 3 880 177 77 71 -1 -1 -1 -1 
261 4 575 188 125 74 -1 -1 -1 -1 
261 5 1002 414 100 125 -1 -1 -1 -1 
261 6 698 411 93 106 -1 -1 -1 -1 
262 1 515 138 65 136 -1 -1 -1 -1 
262 2 487 337 50 215 -1 -1 -1 -1 
262 3 881 175 75 72 -1 -1 -1 -1 
262 4 575 188 125 75 -1 -1 -1 -1 
262 5 1002 414 100 128 -1 -1 -1 -1 
262 6 698 411 92 106 -1 -1 -1 -1 
263 1 514 138 63 134 -1 -1 -1 -1 
263 2 489 335 53 218 -1 -1 -1 -1 
263 3 881 174 73 73 -1 -1 -1 -1 
263 4 574 188 125 75 -1 -1 -1 -1 
263 5 1002 413 100 129 -1 -1 -1 -1 
263 6 698 411 91 106 -1 -1 -1 -1 
264 1 515 137 59 132 -1 -1 -1 -1 
264 2 492 338 56 215 -1 -1 -1 -1 
264 3 881 173 71 74 -1 -1 -1 -1 
264 4 573 188 126 74 -1 -1 -1 -1 
264 5 1004 412 99 131 -1 -1 -1 -1 
264 6 697 410 90 107 -1 -1 -1 -1 
265 1 515 136 60 130 -1 -1 -1 -1 
265 2 493 340 63 212 -1 -1 -1 -1 
265 3 881 172 68 75 -1 -1 -1 -1 
265 4 572 188 127 74 -1 -1 -1 -1 
265 5 1005 411 98 132 -1 -1 -1 -1 
265 6 697 410 88 106 -1 -1 -1 -1 
266 1 516 134 51 131 -1 -1 -1 -1 
266 2 494 341 65 212 -1 -1 -1 -1 
266 3 882 171 65 76 -1 -1 -1 -1 
266 4 571 188 128 74 -1 -1 -1 -1 
266 5 1008 409 96 136 -1 -1 -1 -1 
266 6 696 410 88 106 -1 -1 -1 -1 
267 1 516 133 47 131 -1 -1 -1 -1 
267 2 495 341 69 215 -1 -1 -1 -1 
267 3 882 171 62 76 -1 -1 -1 -1 
267 4 571 188 128 74 -1 -1 -1 -1 
267 5 1011 408 94 137 -1 -1 -1 -1 
267 6 695 410 88 106 -1 -1 -1 -1 
268 1 516 131 44 132 -1 -1 -1 -1 
268 2 495 342 73 215 -1 -1 -1 -1 
268 3 883 171 57 76 -1 -1 -1 -1 
268 4 570 188 129 74 -1 -1 -1 -1 
268 5 1012 402 94 143 -1 -1 -1 -1 
268 6 694 410 88 106 -1 -1 -1 -1 
269 1 516 129 40 134 -1 -1 -1 -1 
269 2 496 342 75 216 -1 -1 -1 -1 
269 3 883 171 54 76 -1 -1 -1 -1 
269 4 569 187 130 75 -1 -1 -1 -1 
269 5 1013 396 93 149 -1 -1 -1 -1 
269 6 692 412 90 103 -1 -1 -1 -1 
270 1 515 129 39 134 -1 -1 -1 -1 
270 2 496 342 77 217 -1 -1 -1 -1 
270 3 884 170 51 77 -1 -1 -1 -1 
270 4 568 187 131 75 -1 -1 -1 -1 
270 5 1012 392 94 153 -1 -1 -1 -1 
270 6 690 413 91 103 -1 -1 -1 -1 
271 1 513 129 41 134 -1 -1 -1 -1 
271 2 499 342 75 217 -1 -1 -1 -1 
271 3 883 170 49 77 -1 -1 -1 -1 
271 4 568 187 132 75 -1 -1 -1 -1 
271 5 1012 385 98 159 -1 -1 -1 -1 
271 6 688 416 91 100 -1 -1 -1 -1 
272 1 512 128 40 132 -1 -1 -1 -1 
272 2 504 342 71 218 -1 -1 -1 -1 
272 3 882 169 49 79 -1 -1 -1 -1 
272 4 568 186 132 76 -1 -1 -1 -1 
272 5 1013 379 103 165 -1 -1 -1 -1 
272 6 685 417 93 99 -1 -1 -1 -1 
273 1 512 128 46 131 -1 -1 -1 -1 
273 2 507 345 68 213 -1 -1 -1 -1 
273 3 882 168 48 80 -1 -1 -1 -1 
273 4 568 185 132 77 -1 -1 -1 -1 
273 5 1014 372 99 172 -1 -1 -1 -1 
273 6 683 421 94 95 -1 -1 -1 -1 
274 1 511 126 47 131 -1 -1 -1 -1 
274 2 513 344 64 215 -1 -1 -1 -1 
274 3 882 169 47 79 -1 -1 -1 -1 
274 4 568 185 132 77 -1 -1 -1 -1 
274 5 1018 365 100 182 -1 -1 -1 -1 
274 6 681 424 97 91 -1 -1 -1 -1 
275 1 510 126 45 129 -1 -1 -1 -1 
275 2 519 345 61 215 -1 -1 -1 -1 
275 3 882 168 46 79 -1 -1 -1 -1 
275 4 569 183 132 79 -1 -1 -1 -1 
275 5 1022 362 93 183 -1 -1 -1 -1 
275 6 679 424 98 91 -1 -1 -1 -1 
276 1 508 125 43 130 -1 -1 -1 -1 
276 2 528 345 53 215 -1 -1 -1 -1 
276 3 882 168 46 79 -1 -1 -1 -1 
276 4 569 183 132 79 -1 -1 -1 -1 
276 5 1023 357 92 190 -1 -1 -1 -1 
276 6 677 423 100 92 -1 -1 -1 -1 
277 1 506 124 42 130 -1 -1 -1 -1 
277 2 533 345 51 215 -1 -1 -1 -1 
277 3 881 168 47 79 -1 -1 -1 -1 
277 4 569 182 132 80 -1 -1 -1 -1 
277 5 1028 354 88 190 -1 -1 -1 -1 
277 6 674 422 103 93 -1 -1 -1 -1 
278 1 502 123 43 130 -1 -1 -1 -1 
278 2 535 344 56 215 -1 -1 -1 -1 
278 3 881 167 47 80 -1 -1 -1 -1 
278 4 569 182 132 80 -1 -1 -1 -1 
278 5 1031 351 88 194 -1 -1 -1 -1 
278 6 672 420 104 95 -1 -1 -1 -1 
279 1 496 122 47 132 -1 -1 -1 -1 
279 2 539 341 56 218 -1 -1 -1 -1 
279 3 881 168 46 79 -1 -1 -1 -1 
279 4 569 181 132 81 -1 -1 -1 -1 
279 5 1032 348 88 197 -1 -1 -1 -1 
279 6 669 421 106 94 -1 -1 -1 -1 
280 1 493 121 48 133 -1 -1 -1 -1 
280 2 542 341 58 219 -1 -1 -1 -1 
280 3 881 168 46 79 -1 -1 -1 -1 
280 4 569 181 132 80 -1 -1 -1 -1 
280 5 1032 347 91 197 -1 -1 -1 -1 
280 6 666 418 108 97 -1 -1 -1 -1 
281 1 489 121 53 133 -1 -1 -1 -1 
281 2 544 344 65 215 -1 -1 -1 -1 
281 3 881 168 46 79 -1 -1 -1 -1 
281 4 569 180 132 81 -1 -1 -1 -1 
281 5 1032 344 92 200 -1 -1 -1 -1 
281 6 660 417 112 97 -1 -1 -1 -1 
282 1 485 119 61 134 -1 -1 -1 -1 
282 2 546 343 74 218 -1 -1 -1 -1 
282 3 880 169 46 78 -1 -1 -1 -1 
282 4 569 180 132 80 -1 -1 -1 -1 
282 5 1033 343 91 202 -1 -1 -1 -1 
282 6 658 416 114 98 -1 -1 -1 -1 
283 1 484 120 60 132 -1 -1 -1 -1 
283 2 547 347 81 211 -1 -1 -1 -1 
283 3 879 169 47 78 -1 -1 -1 -1 
283 4 569 180 132 80 -1 -1 -1 -1 
283 5 1033 343 93 202 -1 -1 -1 -1 
283 6 658 416 113 98 -1 -1 -1 -1 
284 1 482 121 62 130 -1 -1 -1 -1 
284 2 547 349 86 209 -1 -1 -1 -1 
284 3 879 169 47 78 -1 -1 -1 -1 
284 4 569 179 133 80 -1 -1 -1 -1 
284 5 1034 341 92 205 -1 -1 -1 -1 
284 6 655 415 117 99 -1 -1 -1 -1 
285 1 482 121 61 128 -1 -1 -1 -1 
285 2 548 349 89 210 -1 -1 -1 -1 
285 3 877 169 48 78 -1 -1 -1 -1 
285 4 568 179 133 80 -1 -1 -1 -1 
285 5 1033 341 94 204 -1 -1 -1 -1 
285 6 654 415 117 99 -1 -1 -1 -1 
286 1 481 120 61 130 -1 -1 -1 -1 
286 2 548 350 90 210 -1 -1 -1 -1 
286 3 875 170 50 77 -1 -1 -1 -1 
286 4 568 179 133 79 -1 -1 -1 -1 
286 5 1034 340 94 205 -1 -1 -1 -1 
286 6 653 415 121 99 -1 -1 -1 -1 
287 1 481 119 59 129 -1 -1 -1 -1 
287 2 549 351 91 210 -1 -1 -1 -1 
287 3 872 170 53 77 -1 -1 -1 -1 
287 4 568 178 133 81 -1 -1 -1 -1 
287 5 1034 339 95 206 -1 -1 -1 -1 
287 6 654 411 122 101 -1 -1 -1 -1 
288 1 487 118 50 129 -1 -1 -1 -1 
288 2 551 351 91 210 -1 -1 -1 -1 
288 3 870 171 55 76 -1 -1 -1 -1 
288 4 567 178 134 81 -1 -1 -1 -1 
288 5 1034 339 95 206 -1 -1 -1 -1 
288 6 654 411 121 101 -1 -1 -1 -1 
289 1 492 117 43 127 -1 -1 -1 -1 
289 2 553 350 91 212 -1 -1 -1 -1 
289 3 868 171 57 76 -1 -1 -1 -1 
289 4 567 178 135 82 -1 -1 -1 -1 
289 5 1034 338 95 207 -1 -1 -1 -1 
289 6 653 410 120 103 -1 -1 -1 -1 
290 1 497 113 36 130 -1 -1 -1 -1 
290 2 556 350 89 212 -1 -1 -1 -1 
290 3 866 172 58 75 -1 -1 -1 -1 
290 4 567 179 135 81 -1 -1 -1 -1 
290 5 1035 338 94 206 -1 -1 -1 -1 
290 6 651 409 117 104 -1 -1 -1 -1 
291 1 495 112 37 130 -1 -1 -1 -1 
291 2 562 349 83 213 -1 -1 -1 -1 
291 3 865 173 59 74 -1 -1 -1 -1 
291 4 566 179 136 81 -1 -1 -1 -1 
291 5 1035 338 92 207 -1 -1 -1 -1 
291 6 651 410 111 103 -1 -1 -1 -1 
292 1 494 110 36 133 -1 -1 -1 -1 
292 2 568 349 79 216 -1 -1 -1 -1 
292 3 864 174 59 73 -1 -1 -1 -1 
292 4 566 179 136 81 -1 -1 -1 -1 
292 5 1036 338 91 206 -1 -1 -1 -1 
292 6 650 413 104 100 -1 -1 -1 -1 
293 1 493 110 36 133 -1 -1 -1 -1 
293 2 575 349 71 213 -1 -1 -1 -1 
293 3 862 175 59 72 -1 -1 -1 -1 
293 4 564 179 138 81 -1 -1 -1 -1 
293 5 1036 338 90 207 -1 -1 -1 -1 
293 6 649 415 97 98 -1 -1 -1 -1 
294 1 492 111 37 131 -1 -1 -1 -1 
294 2 583 349 63 213 -1 -1 -1 -1 
294 3 862 175 57 72 -1 -1 -1 -1 
294 4 565 179 136 81 -1 -1 -1 -1 
294 5 1038 338 89 207 -1 -1 -1 -1 
294 6 648 414 96 99 -1 -1 -1 -1 
295 1 491 112 39 128 -1 -1 -1 -1 
295 2 590 349 57 210 -1 -1 -1 -1 
295 3 861 175 55 73 -1 -1 -1 -1 
295 4 565 179 136 81 -1 -1 -1 -1 
295 5 1039 337 88 207 -1 -1 -1 -1 
295 6 649 412 94 101 -1 -1 -1 -1 
296 1 490 112 41 128 -1 -1 -1 -1 
296 2 597 350 53 208 -1 -1 -1 -1 
296 3 860 175 54 73 -1 -1 -1 -1 
296 4 565 179 136 81 -1 -1 -1 -1 
296 5 1040 336 87 207 -1 -1 -1 -1 
296 6 650 412 91 101 -1 -1 -1 -1 
297 1 489 112 43 127 -1 -1 -1 -1 
297 2 602 349 51 211 -1 -1 -1 -1 
297 3 860 176 51 72 -1 -1 -1 -1 
297 4 564 179 137 80 -1 -1 -1 -1 
297 5 1041 336 87 206 -1 -1 -1 -1 
297 6 653 412 88 101 -1 -1 -1 -1 
298 1 489 112 42 126 -1 -1 -1 -1 
298 2 606 349 50 213 -1 -1 -1 -1 
298 3 859 176 49 72 -1 -1 -1 -1 
298 4 563 179 138 80 -1 -1 -1 -1 
298 5 1042 336 88 203 -1 -1 -1 -1 
298 6 656 411 83 101 -1 -1 -1 -1 
299 1 488 111 44 127 -1 -1 -1 -1 
299 2 611 348 51 218 -1 -1 -1 -1 
299 3 859 178 48 69 -1 -1 -1 -1 
299 4 564 179 137 80 -1 -1 -1 -1 
299 5 1042 335 89 204 -1 -1 -1 -1 
299 6 658 410 80 103 -1 -1 -1 -1 
300 1 486 111 45 126 -1 -1 -1 -1 
300 2 614 349 52 219 -1 -1 -1 -1 
300 3 859 178 47 69 -1 -1 -1 -1 
300 4 564 179 137 80 -1 -1 -1 -1 
300 5 1043 334 89 205 -1 -1 -1 -1 
300 6 659 408 79 104 -1 -1 -1 -1 
301 1 485 111 46 125 -1 -1 -1 -1 
301 2 616 351 60 216 -1 -1 -1 -1 
301 3 858 179 47 68 -1 -1 -1 -1 
301 4 564 179 137 80 -1 -1 -1 -1 
301 5 1043 334 91 204 -1 -1 -1 -1 
302 1 484 109 46 128 -1 -1 -1 -1 
302 2 619 353 63 212 -1 -1 -1 -1 
302 3 857 179 48 68 -1 -1 -1 -1 
302 4 564 178 136 81 -1 -1 -1 -1 
302 5 1044 334 92 203 -1 -1 -1 -1 
303 1 482 108 47 127 -1 -1 -1 -1 
303 2 620 354 71 212 -1 -1 -1 -1 
303 3 856 179 49 70 -1 -1 -1 -1 
303 4 564 178 136 81 -1 -1 -1 -1 
303 5 1044 334 94 203 -1 -1 -1 -1 
304 1 480 107 51 126 -1 -1 -1 -1 
304 2 622 353 71 212 -1 -1 -1 -1 
304 3 856 180 48 67 -1 -1 -1 -1 
304 4 563 178 137 81 -1 -1 -1 -1 
304 5 1044 334 96 203 -1 -1 -1 -1 
305 1 480 107 50 126 -1 -1 -1 -1 
305 2 622 353 76 212 -1 -1 -1 -1 
305 3 855 180 49 69 -1 -1 -1 -1 
305 4 564 178 136 81 -1 -1 -1 -1 
305 5 1042 332 99 205 -1 -1 -1 -1 
306 1 479 106 51 127 -1 -1 -1 -1 
306 2 623 354 76 211 -1 -1 -1 -1 
306 3 853 180 51 69 -1 -1 -1 -1 
306 4 564 178 136 80 -1 -1 -1 -1 
306 5 1042 331 105 206 -1 -1 -1 -1 
307 1 478 106 52 128 -1 -1 -1 -1 
307 2 624 353 75 212 -1 -1 -1 -1 
307 3 850 180 53 68 -1 -1 -1 -1 
307 4 563 178 137 80 -1 -1 -1 -1 
307 5 1042 331 108 206 -1 -1 -1 -1 
308 1 477 107 53 126 -1 -1 -1 -1 
308 2 625 354 75 211 -1 -1 -1 -1 
308 3 847 182 56 66 -1 -1 -1 -1 
308 4 563 179 137 79 -1 -1 -1 -1 
308 5 1042 332 110 204 -1 -1 -1 -1 
309 1 477 107 53 126 -1 -1 -1 -1 
309 2 625 355 80 212 -1 -1 -1 -1 
309 3 845 181 57 67 -1 -1 -1 -1 
309 4 562 179 138 78 -1 -1 -1 -1 
309 5 1042 332 109 204 -1 -1 -1 -1 
310 1 476 108 54 125 -1 -1 -1 -1 
310 2 628 356 79 210 -1 -1 -1 -1 
310 3 845 182 56 66 -1 -1 -1 -1 
310 4 562 179 137 78 -1 -1 -1 -1 
310 5 1044 331 106 206 -1 -1 -1 -1 
311 1 476 108 54 125 -1 -1 -1 -1 
311 2 631 355 77 211 -1 -1 -1 -1 
311 3 845 181 56 67 -1 -1 -1 -1 
311 4 562 179 137 79 -1 -1 -1 -1 
311 5 1045 331 103 207 -1 -1 -1 -1 
312 1 475 108 54 125 -1 -1 -1 -1 
312 2 634 353 77 213 -1 -1 -1 -1 
312 3 845 181 56 67 -1 -1 -1 -1 
312 4 562 180 137 78 -1 -1 -1 -1 
312 5 1046 329 100 209 -1 -1 -1 -1 
313 1 473 108 55 124 -1 -1 -1 -1 
313 2 641 354 69 212 -1 -1 -1 -1 
313 3 845 181 55 67 -1 -1 -1 -1 
313 4 562 180 137 78 -1 -1 -1 -1 
313 5 1049 329 96 210 -1 -1 -1 -1 
314 1 468 108 60 125 -1 -1 -1 -1 
314 2 647 354 64 211 -1 -1 -1 -1 
314 3 845 181 55 67 -1 -1 -1 -1 
314 4 562 180 137 79 -1 -1 -1 -1 
314 5 1051 329 92 211 -1 -1 -1 -1 
315 1 465 109 62 124 -1 -1 -1 -1 
315 2 651 354 61 209 -1 -1 -1 -1 
315 3 845 180 54 68 -1 -1 -1 -1 
315 4 562 181 137 77 -1 -1 -1 -1 
315 5 1055 330 90 210 -1 -1 -1 -1 
316 1 464 109 58 124 -1 -1 -1 -1 
316 2 656 354 57 210 -1 -1 -1 -1 
316 3 845 180 53 68 -1 -1 -1 -1 
316 4 561 181 138 78 -1 -1 -1 -1 
316 5 1057 331 88 210 -1 -1 -1 -1 
317 1 461 111 50 124 -1 -1 -1 -1 
317 2 660 353 55 212 -1 -1 -1 -1 
317 3 845 180 52 67 -1 -1 -1 -1 
317 4 561 181 138 78 -1 -1 -1 -1 
317 5 1059 331 86 210 -1 -1 -1 -1 
318 1 456 111 49 123 -1 -1 -1 -1 
318 2 664 353 55 213 -1 -1 -1 -1 
318 3 845 179 51 68 -1 -1 -1 -1 
318 4 561 182 138 77 -1 -1 -1 -1 
318 5 1061 331 84 211 -1 -1 -1 -1 
319 1 455 112 49 123 -1 -1 -1 -1 
319 2 667 353 54 214 -1 -1 -1 -1 
319 3 845 179 49 69 -1 -1 -1 -1 
319 4 561 182 138 77 -1 -1 -1 -1 
319 5 1063 332 83 211 -1 -1 -1 -1 
320 1 452 112 63 122 -1 -1 -1 -1 
320 2 670 353 56 214 -1 -1 -1 -1 
320 3 845 178 47 69 -1 -1 -1 -1 
320 4 561 182 138 77 -1 -1 -1 -1 
320 5 1066 332 81 211 -1 -1 -1 -1 
321 1 452 115 61 121 -1 -1 -1 -1 
321 2 668 352 63 215 -1 -1 -1 -1 
321 3 845 178 46 69 -1 -1 -1 -1 
321 4 561 181 138 78 -1 -1 -1 -1 
321 5 1068 332 80 211 -1 -1 -1 -1 
322 1 450 118 62 117 -1 -1 -1 -1 
322 2 674 353 67 213 -1 -1 -1 -1 
322 3 844 177 46 71 -1 -1 -1 -1 
322 4 561 183 138 76 -1 -1 -1 -1 
322 5 1070 335 81 208 -1 -1 -1 -1 
323 1 449 118 58 120 -1 -1 -1 -1 
323 2 676 353 72 213 -1 -1 -1 -1 
323 3 844 177 46 70 -1 -1 -1 -1 
323 4 561 183 138 76 -1 -1 -1 -1 
323 5 1073 336 80 206 -1 -1 -1 -1 
324 1 448 122 55 115 -1 -1 -1 -1 
324 2 677 354 80 213 -1 -1 -1 -1 
324 3 844 177 46 70 -1 -1 -1 -1 
324 4 561 183 138 75 -1 -1 -1 -1 
324 5 1074 336 81 206 -1 -1 -1 -1 
325 1 449 125 53 112 -1 -1 -1 -1 
325 2 678 354 82 213 -1 -1 -1 -1 
325 3 843 177 48 70 -1 -1 -1 -1 
325 4 561 183 138 75 -1 -1 -1 -1 
325 5 1076 337 80 205 -1 -1 -1 -1 
326 1 447 125 55 114 -1 -1 -1 -1 
326 2 679 354 85 214 -1 -1 -1 -1 
326 3 843 177 49 70 -1 -1 -1 -1 
326 4 561 183 138 75 -1 -1 -1 -1 
326 5 1078 337 79 206 -1 -1 -1 -1 
327 1 446 128 57 111 -1 -1 -1 -1 
327 2 680 354 87 215 -1 -1 -1 -1 
327 3 843 178 51 69 -1 -1 -1 -1 
327 4 561 184 137 74 -1 -1 -1 -1 
327 5 1079 337 80 206 -1 -1 -1 -1 
328 1 446 133 58 107 -1 -1 -1 -1 
328 2 680 354 88 215 -1 -1 -1 -1 
328 3 843 178 51 69 -1 -1 -1 -1 
328 4 561 184 137 75 -1 -1 -1 -1 
328 5 1080 337 79 206 -1 -1 -1 -1 
329 1 443 138 62 102 -1 -1 -1 -1 
329 2 682 355 88 215 -1 -1 -1 -1 
329 3 843 178 52 69 -1 -1 -1 -1 
329 4 561 185 137 74 -1 -1 -1 -1 
329 5 1080 337 80 206 -1 -1 -1 -1 
330 1 443 144 61 97 -1 -1 -1 -1 
330 2 684 355 87 215 -1 -1 -1 -1 
330 3 843 179 52 68 -1 -1 -1 -1 
330 4 561 185 136 74 -1 -1 -1 -1 
330 5 1081 337 79 206 -1 -1 -1 -1 
331 1 441 151 64 91 -1 -1 -1 -1 
331 2 689 355 83 214 -1 -1 -1 -1 
331 3 843 180 52 67 -1 -1 -1 -1 
331 4 561 185 136 74 -1 -1 -1 -1 
331 5 1080 337 81 207 -1 -1 -1 -1 
332 1 439 152 66 90 -1 -1 -1 -1 
332 2 692 353 81 217 -1 -1 -1 -1 
332 3 843 180 52 67 -1 -1 -1 -1 
332 4 561 185 136 74 -1 -1 -1 -1 
332 5 1080 337 80 207 -1 -1 -1 -1 
333 1 436 154 69 89 -1 -1 -1 -1 
333 2 694 353 79 218 -1 -1 -1 -1 
333 3 843 180 52 67 -1 -1 -1 -1 
333 4 561 185 137 74 -1 -1 -1 -1 
333 5 1080 337 81 208 -1 -1 -1 -1 
334 1 435 156 68 87 -1 -1 -1 -1 
334 2 699 351 74 219 -1 -1 -1 -1 
334 3 842 180 54 67 -1 -1 -1 -1 
334 4 561 185 136 74 -1 -1 -1 -1 
334 5 1079 337 82 209 -1 -1 -1 -1 
335 1 434 154 69 91 -1 -1 -1 -1 
335 2 704 352 70 217 -1 -1 -1 -1 
335 3 842 180 54 67 -1 -1 -1 -1 
335 4 561 184 137 75 -1 -1 -1 -1 
335 5 1078 337 82 209 -1 -1 -1 -1 
336 1 432 156 70 90 -1 -1 -1 -1 
336 2 709 354 64 213 -1 -1 -1 -1 
336 3 842 180 54 67 -1 -1 -1 -1 
336 4 561 184 137 75 -1 -1 -1 -1 
336 5 1076 337 84 209 -1 -1 -1 -1 
337 1 431 155 69 92 -1 -1 -1 -1 
337 2 713 354 63 214 -1 -1 -1 -1 
337 3 842 180 54 67 -1 -1 -1 -1 
337 4 560 183 138 76 -1 -1 -1 -1 
337 5 1074 337 84 210 -1 -1 -1 -1 
337 13 610 403 105 104 -1 -1 -1 -1 
338 1 429 159 72 88 -1 -1 -1 -1 
338 2 720 353 61 214 -1 -1 -1 -1 
338 3 842 180 54 67 -1 -1 -1 -1 
338 4 561 184 136 75 -1 -1 -1 -1 
338 5 1073 337 84 210 -1 -1 -1 -1 
338 13 609 404 105 103 -1 -1 -1 -1 
339 1 427 166 74 82 -1 -1 -1 -1 
339 2 726 351 60 216 -1 -1 -1 -1 
339 3 843 181 54 66 -1 -1 -1 -1 
339 4 561 184 136 75 -1 -1 -1 -1 
339 5 1071 337 85 210 -1 -1 -1 -1 
339 13 608 404 104 103 -1 -1 -1 -1 
340 1 426 176 75 72 -1 -1 -1 -1 
340 2 729 351 62 216 -1 -1 -1 -1 
340 3 843 181 53 66 -1 -1 -1 -1 
340 4 561 184 136 75 -1 -1 -1 -1 
340 5 1071 337 83 210 -1 -1 -1 -1 
340 13 608 403 103 103 -1 -1 -1 -1 
341 1 423 181 78 68 -1 -1 -1 -1 
341 2 733 351 62 220 -1 -1 -1 -1 
341 3 843 180 53 67 -1 -1 -1 -1 
341 4 561 184 136 75 -1 -1 -1 -1 
341 5 1070 334 84 215 -1 -1 -1 -1 
341 13 607 403 97 103 -1 -1 -1 -1 
342 1 421 183 80 66 -1 -1 -1 -1 
342 2 735 352 64 218 -1 -1 -1 -1 
342 3 843 180 53 67 -1 -1 -1 -1 
342 4 561 184 136 75 -1 -1 -1 -1 
342 5 1069 334 84 215 -1 -1 -1 -1 
342 13 607 402 92 104 -1 -1 -1 -1 
343 1 420 184 81 66 -1 -1 -1 -1 
343 2 738 352 62 217 -1 -1 -1 -1 
343 3 843 180 53 67 -1 -1 -1 -1 
343 4 561 184 136 75 -1 -1 -1 -1 
343 5 1069 336 82 212 -1 -1 -1 -1 
343 13 607 402 87 104 -1 -1 -1 -1 
344 1 420 186 81 64 -1 -1 -1 -1 
344 2 740 352 65 217 -1 -1 -1 -1 
344 3 843 179 53 68 -1 -1 -1 -1 
344 4 561 183 137 76 -1 -1 -1 -1 
344 5 1068 336 81 212 -1 -1 -1 -1 
344 13 607 401 79 105 -1 -1 -1 -1 
345 1 420 188 81 64 -1 -1 -1 -1 
345 2 743 352 69 217 -1 -1 -1 -1 
345 3 843 179 53 68 -1 -1 -1 -1 
345 4 561 183 137 76 -1 -1 -1 -1 
345 5 1067 337 80 211 -1 -1 -1 -1 
345 13 607 401 77 105 -1 -1 -1 -1 
346 1 420 189 80 63 -1 -1 -1 -1 
346 2 744 352 72 217 -1 -1 -1 -1 
346 3 842 179 54 68 -1 -1 -1 -1 
346 4 561 183 137 76 -1 -1 -1 -1 
346 5 1066 336 81 213 -1 -1 -1 -1 
346 13 607 401 75 106 -1 -1 -1 -1 
347 1 420 191 80 61 -1 -1 -1 -1 
347 2 746 353 72 216 -1 -1 -1 -1 
347 3 842 178 54 69 -1 -1 -1 -1 
347 4 561 183 137 76 -1 -1 -1 -1 
347 5 1065 336 81 213 -1 -1 -1 -1 
347 13 607 403 75 105 -1 -1 -1 -1 
348 1 420 190 80 62 -1 -1 -1 -1 
348 2 747 353 73 215 -1 -1 -1 -1 
348 3 842 178 53 68 -1 -1 -1 -1 
348 4 561 182 137 77 -1 -1 -1 -1 
348 5 1064 335 80 214 -1 -1 -1 -1 
348 13 608 402 75 107 -1 -1 -1 -1 
349 1 420 191 80 62 -1 -1 -1 -1 
349 2 747 354 74 214 -1 -1 -1 -1 
349 3 842 178 53 68 -1 -1 -1 -1 
349 4 561 182 137 77 -1 -1 -1 -1 
349 5 1062 336 81 213 -1 -1 -1 -1 
349 13 608 402 75 107 -1 -1 -1 -1 
350 1 419 191 81 62 -1 -1 -1 -1 
350 2 748 354 76 215 -1 -1 -1 -1 
350 3 842 178 53 68 -1 -1 -1 -1 
350 4 561 182 137 76 -1 -1 -1 -1 
350 5 1061 336 80 212 -1 -1 -1 -1 
350 13 610 401 72 109 -1 -1 -1 -1 
351 1 419 191 81 62 -1 -1 -1 -1 
351 2 748 354 77 214 -1 -1 -1 -1 
351 3 842 178 53 68 -1 -1 -1 -1 
351 4 561 182 137 76 -1 -1 -1 -1 
351 5 1059 335 81 213 -1 -1 -1 -1 
351 13 610 401 71 109 -1 -1 -1 -1 
352 1 418 191 82 63 -1 -1 -1 -1 
352 2 749 354 77 215 -1 -1 -1 -1 
352 3 842 178 52 68 -1 -1 -1 -1 
352 4 561 182 137 76 -1 -1 -1 -1 
352 5 1058 335 81 213 -1 -1 -1 -1 
352 13 611 404 69 105 -1 -1 -1 -1 
353 1 418 191 82 63 -1 -1 -1 -1 
353 2 750 354 77 215 -1 -1 -1 -1 
353 3 842 178 53 68 -1 -1 -1 -1 
353 4 561 182 137 76 -1 -1 -1 -1 
353 5 1056 335 82 213 -1 -1 -1 -1 
353 13 612 403 68 106 -1 -1 -1 -1 
354 1 418 192 82 62 -1 -1 -1 -1 
354 2 754 353 74 216 -1 -1 -1 -1 
354 3 842 178 53 68 -1 -1 -1 -1 
354 4 562 181 136 77 -1 -1 -1 -1 
354 5 1055 335 82 213 -1 -1 -1 -1 
354 13 613 404 67 105 -1 -1 -1 -1 
355 1 418 192 82 62 -1 -1 -1 -1 
355 2 758 354 71 214 -1 -1 -1 -1 
355 3 842 178 53 68 -1 -1 -1 -1 
355 4 562 181 136 77 -1 -1 -1 -1 
355 5 1054 335 83 212 -1 -1 -1 -1 
355 13 613 404 66 105 -1 -1 -1 -1 
356 1 417 192 82 62 -1 -1 -1 -1 
356 2 763 353 65 215 -1 -1 -1 -1 
356 3 842 178 53 68 -1 -1 -1 -1 
356 4 562 181 137 77 -1 -1 -1 -1 
356 5 1053 335 84 212 -1 -1 -1 -1 
356 13 614 401 66 110 -1 -1 -1 -1 
357 1 416 193 84 61 -1 -1 -1 -1 
357 2 765 353 65 216 -1 -1 -1 -1 
357 3 842 178 53 68 -1 -1 -1 -1 
357 4 562 181 137 77 -1 -1 -1 -1 
357 5 1052 335 85 212 -1 -1 -1 -1 
357 13 614 401 66 110 -1 -1 -1 -1 
358 1 414 194 85 60 -1 -1 -1 -1 
358 2 768 353 67 215 -1 -1 -1 -1 
358 3 842 178 53 69 -1 -1 -1 -1 
358 4 562 181 137 77 -1 -1 -1 -1 
358 5 1053 335 83 212 -1 -1 -1 -1 
358 13 614 401 66 110 -1 -1 -1 -1 
359 1 413 194 85 61 -1 -1 -1 -1 
359 2 775 353 62 215 -1 -1 -1 -1 
359 3 843 178 52 69 -1 -1 -1 -1 
359 4 562 181 137 77 -1 -1 -1 -1 
359 5 1054 335 82 212 -1 -1 -1 -1 
359 13 614 401 66 110 -1 -1 -1 -1 
360 1 412 195 86 61 -1 -1 -1 -1 
360 2 779 353 59 214 -1 -1 -1 -1 
360 3 843 178 52 69 -1 -1 -1 -1 
360 4 562 181 137 77 -1 -1 -1 -1 
360 5 1054 335 82 212 -1 -1 -1 -1 
360 13 614 401 65 110 -1 -1 -1 -1 
361 1 412 195 85 61 -1 -1 -1 -1 
361 2 781 353 60 215 -1 -1 -1 -1 
361 3 843 178 52 69 -1 -1 -1 -1 
361 4 562 181 137 77 -1 -1 -1 -1 
361 5 1055 335 81 212 -1 -1 -1 -1 
361 13 615 400 65 111 -1 -1 -1 -1 
362 1 411 195 85 61 -1 -1 -1 -1 
362 2 782 352 62 216 -1 -1 -1 -1 
362 3 843 178 52 69 -1 -1 -1 -1 
362 4 562 181 137 77 -1 -1 -1 -1 
362 5 1056 335 80 212 -1 -1 -1 -1 
362 13 615 401 65 110 -1 -1 -1 -1 
363 1 408 195 87 61 -1 -1 -1 -1 
363 2 783 351 64 217 -1 -1 -1 -1 
363 3 843 178 52 69 -1 -1 -1 -1 
363 4 562 181 137 77 -1 -1 -1 -1 
363 5 1058 336 77 211 -1 -1 -1 -1 
363 13 615 400 65 111 -1 -1 -1 -1 
364 1 404 194 91 62 -1 -1 -1 -1 
364 2 784 351 63 216 -1 -1 -1 -1 
364 3 843 178 52 69 -1 -1 -1 -1 
364 4 562 181 137 77 -1 -1 -1 -1 
364 5 1059 336 77 211 -1 -1 -1 -1 
364 13 614 402 66 107 -1 -1 -1 -1 
365 1 402 195 92 60 -1 -1 -1 -1 
365 2 787 352 62 214 -1 -1 -1 -1 
365 3 843 178 52 69 -1 -1 -1 -1 
365 4 562 181 136 77 -1 -1 -1 -1 
365 5 1059 336 77 211 -1 -1 -1 -1 
365 13 614 402 66 107 -1 -1 -1 -1 
366 1 397 195 97 60 -1 -1 -1 -1 
366 2 789 352 66 216 -1 -1 -1 -1 
366 3 843 178 52 69 -1 -1 -1 -1 
366 4 562 181 136 77 -1 -1 -1 -1 
366 5 1059 336 77 211 -1 -1 -1 -1 
366 13 615 402 65 107 -1 -1 -1 -1 
367 1 391 195 103 59 -1 -1 -1 -1 
367 2 792 352 70 217 -1 -1 -1 -1 
367 3 843 178 52 69 -1 -1 -1 -1 
367 4 562 181 136 78 -1 -1 -1 -1 
367 5 1060 336 77 211 -1 -1 -1 -1 
367 13 615 402 65 107 -1 -1 -1 -1 
368 1 386 195 109 59 -1 -1 -1 -1 
368 2 794 352 74 215 -1 -1 -1 -1 
368 3 843 178 52 69 -1 -1 -1 -1 
368 4 562 181 136 78 -1 -1 -1 -1 
368 5 1059 335 78 213 -1 -1 -1 -1 
368 13 615 402 66 107 -1 -1 -1 -1 
369 1 381 195 114 58 -1 -1 -1 -1 
369 2 796 352 74 215 -1 -1 -1 -1 
369 3 843 178 53 69 -1 -1 -1 -1 
369 4 562 181 136 78 -1 -1 -1 -1 
369 5 1059 335 78 213 -1 -1 -1 -1 
369 13 615 402 66 107 -1 -1 -1 -1 
370 1 380 195 115 58 -1 -1 -1 -1 
370 2 797 352 74 218 -1 -1 -1 -1 
370 3 843 178 53 69 -1 -1 -1 -1 
370 4 561 181 137 77 -1 -1 -1 -1 
370 5 1059 335 79 214 -1 -1 -1 -1 
370 13 615 403 66 107 -1 -1 -1 -1 
371 1 383 195 112 58 -1 -1 -1 -1 
371 2 799 352 75 217 -1 -1 -1 -1 
371 3 843 178 52 68 -1 -1 -1 -1 
371 4 561 181 137 77 -1 -1 -1 -1 
371 5 1059 335 79 214 -1 -1 -1 -1 
371 13 615 401 66 111 -1 -1 -1 -1 
372 1 386 195 109 58 -1 -1 -1 -1 
372 2 800 353 76 216 -1 -1 -1 -1 
372 3 843 179 52 68 -1 -1 -1 -1 
372 4 561 181 137 77 -1 -1 -1 -1 
372 5 1059 335 80 213 -1 -1 -1 -1 
372 13 614 402 67 110 -1 -1 -1 -1 
373 1 390 195 105 58 -1 -1 -1 -1 
373 2 800 353 77 215 -1 -1 -1 -1 
373 3 843 179 52 68 -1 -1 -1 -1 
373 4 561 181 137 77 -1 -1 -1 -1 
373 5 1059 335 80 214 -1 -1 -1 -1 
373 13 614 402 67 110 -1 -1 -1 -1 
374 1 393 195 102 58 -1 -1 -1 -1 
374 2 802 352 75 217 -1 -1 -1 -1 
374 3 843 179 52 69 -1 -1 -1 -1 
374 4 562 181 136 77 -1 -1 -1 -1 
374 5 1061 335 78 214 -1 -1 -1 -1 
374 13 614 402 67 110 -1 -1 -1 -1 
375 1 394 195 101 58 -1 -1 -1 -1 
375 2 802 352 75 216 -1 -1 -1 -1 
375 3 843 180 52 68 -1 -1 -1 -1 
375 4 562 181 136 77 -1 -1 -1 -1 
375 5 1062 335 78 214 -1 -1 -1 -1 
375 13 614 402 67 111 -1 -1 -1 -1 
376 1 395 195 100 57 -1 -1 -1 -1 
376 2 802 351 75 216 -1 -1 -1 -1 
376 3 843 180 51 68 -1 -1 -1 -1 
376 4 562 181 136 77 -1 -1 -1 -1 
376 5 1062 335 78 214 -1 -1 -1 -1 
376 13 614 402 67 111 -1 -1 -1 -1 
377 1 394 195 101 57 -1 -1 -1 -1 
377 2 804 351 74 216 -1 -1 -1 -1 
377 3 843 181 51 68 -1 -1 -1 -1 
377 4 562 181 136 77 -1 -1 -1 -1 
377 5 1064 336 76 213 -1 -1 -1 -1 
377 13 613 402 68 111 -1 -1 -1 -1 
378 1 392 195 103 57 -1 -1 -1 -1 
378 2 807 350 70 217 -1 -1 -1 -1 
378 3 843 180 51 70 -1 -1 -1 -1 
378 4 562 181 136 77 -1 -1 -1 -1 
378 5 1064 336 77 213 -1 -1 -1 -1 
378 13 613 402 68 111 -1 -1 -1 -1 
379 1 388 195 107 58 -1 -1 -1 -1 
379 2 811 350 66 217 -1 -1 -1 -1 
379 3 843 181 51 69 -1 -1 -1 -1 
379 4 561 181 137 77 -1 -1 -1 -1 
379 5 1064 336 77 213 -1 -1 -1 -1 
379 13 613 402 68 111 -1 -1 -1 -1 
380 1 386 195 109 58 -1 -1 -1 -1 
380 2 814 350 63 218 -1 -1 -1 -1 
380 3 843 181 51 69 -1 -1 -1 -1 
380 4 561 181 138 77 -1 -1 -1 -1 
380 5 1064 336 78 213 -1 -1 -1 -1 
380 13 613 403 68 109 -1 -1 -1 -1 
381 1 383 195 112 58 -1 -1 -1 -1 
381 2 816 351 63 217 -1 -1 -1 -1 
381 3 843 182 50 68 -1 -1 -1 -1 
381 4 561 181 137 77 -1 -1 -1 -1 
381 5 1063 336 79 213 -1 -1 -1 -1 
381 13 613 403 67 109 -1 -1 -1 -1 
382 1 381 195 113 58 -1 -1 -1 -1 
382 2 818 350 62 218 -1 -1 -1 -1 
382 3 842 182 51 66 -1 -1 -1 -1 
382 4 561 181 137 77 -1 -1 -1 -1 
382 5 1063 336 79 213 -1 -1 -1 -1 
382 13 614 403 66 109 -1 -1 -1 -1 
383 1 380 195 114 58 -1 -1 -1 -1 
383 2 824 350 57 217 -1 -1 -1 -1 
383 3 842 183 51 65 -1 -1 -1 -1 
383 4 561 181 137 77 -1 -1 -1 -1 
383 5 1063 336 79 213 -1 -1 -1 -1 
383 13 613 404 68 106 -1 -1 -1 -1 
384 1 380 194 113 59 -1 -1 -1 -1 
384 2 828 350 54 217 -1 -1 -1 -1 
384 3 842 183 51 66 -1 -1 -1 -1 
384 4 561 181 137 77 -1 -1 -1 -1 
384 5 1064 335 80 214 -1 -1 -1 -1 
384 13 614 404 67 106 -1 -1 -1 -1 
385 1 380 194 113 59 -1 -1 -1 -1 
385 2 831 350 53 217 -1 -1 -1 -1 
385 3 841 184 52 65 -1 -1 -1 -1 
385 4 561 181 137 77 -1 -1 -1 -1 
385 5 1064 336 81 213 -1 -1 -1 -1 
385 13 613 404 68 106 -1 -1 -1 -1 
386 1 379 195 114 58 -1 -1 -1 -1 
386 2 835 350 51 218 -1 -1 -1 -1 
386 3 841 184 53 65 -1 -1 -1 -1 
386 4 561 181 138 77 -1 -1 -1 -1 
386 5 1064 336 81 213 -1 -1 -1 -1 
386 13 613 404 68 106 -1 -1 -1 -1 
387 1 379 194 113 59 -1 -1 -1 -1 
387 2 837 350 52 218 -1 -1 -1 -1 
387 3 840 184 54 66 -1 -1 -1 -1 
387 4 561 181 137 77 -1 -1 -1 -1 
387 5 1064 336 81 213 -1 -1 -1 -1 
387 13 614 404 67 105 -1 -1 -1 -1 
388 1 379 194 112 59 -1 -1 -1 -1 
388 2 838 349 53 221 -1 -1 -1 -1 
388 3 840 184 54 66 -1 -1 -1 -1 
388 4 561 181 137 77 -1 -1 -1 -1 
388 5 1063 336 82 213 -1 -1 -1 -1 
388 13 614 404 67 105 -1 -1 -1 -1 
389 1 378 193 111 60 -1 -1 -1 -1 
389 2 838 350 55 221 -1 -1 -1 -1 
389 3 840 184 54 66 -1 -1 -1 -1 
389 4 561 181 137 77 -1 -1 -1 -1 
389 5 1062 336 83 213 -1 -1 -1 -1 
389 13 614 403 68 106 -1 -1 -1 -1 
390 1 379 192 109 61 -1 -1 -1 -1 
390 2 839 350 55 221 -1 -1 -1 -1 
390 3 840 184 54 67 -1 -1 -1 -1 
390 4 561 181 137 77 -1 -1 -1 -1 
390 5 1061 336 84 213 -1 -1 -1 -1 
390 13 613 403 69 106 -1 -1 -1 -1 
391 1 378 191 109 62 -1 -1 -1 -1 
391 2 840 350 55 219 -1 -1 -1 -1 
391 3 840 185 54 66 -1 -1 -1 -1 
391 4 561 180 137 78 -1 -1 -1 -1 
391 5 1060 336 85 213 -1 -1 -1 -1 
391 13 613 403 69 106 -1 -1 -1 -1 
392 1 378 190 107 63 -1 -1 -1 -1 
392 2 840 350 56 218 -1 -1 -1 -1 
392 3 840 185 55 65 -1 -1 -1 -1 
392 4 561 180 137 78 -1 -1 -1 -1 
392 5 1062 336 83 213 -1 -1 -1 -1 
392 13 613 404 69 105 -1 -1 -1 -1 
393 1 378 189 106 64 -1 -1 -1 -1 
393 2 841 350 55 219 -1 -1 -1 -1 
393 3 840 185 55 65 -1 -1 -1 -1 
393 4 561 180 137 78 -1 -1 -1 -1 
393 5 1063 336 82 213 -1 -1 -1 -1 
393 13 613 404 69 105 -1 -1 -1 -1 
394 1 378 188 106 65 -1 -1 -1 -1 
394 2 841 351 55 217 -1 -1 -1 -1 
394 3 840 185 56 65 -1 -1 -1 -1 
394 4 561 180 137 78 -1 -1 -1 -1 
394 5 1063 336 82 213 -1 -1 -1 -1 
394 13 613 404 69 105 -1 -1 -1 -1 
395 1 378 187 106 66 -1 -1 -1 -1 
395 2 842 351 54 217 -1 -1 -1 -1 
395 3 840 186 56 64 -1 -1 -1 -1 
395 4 561 180 137 78 -1 -1 -1 -1 
395 5 1064 336 80 213 -1 -1 -1 -1 
395 13 613 404 69 105 -1 -1 -1 -1 
396 1 377 186 106 67 -1 -1 -1 -1 
396 2 843 351 53 217 -1 -1 -1 -1 
396 3 840 185 56 66 -1 -1 -1 -1 
396 4 561 180 137 78 -1 -1 -1 -1 
396 5 1063 336 81 213 -1 -1 -1 -1 
396 13 613 404 68 105 -1 -1 -1 -1 
397 1 377 185 105 68 -1 -1 -1 -1 
397 2 843 351 53 217 -1 -1 -1 -1 
397 3 839 186 57 64 -1 -1 -1 -1 
397 4 561 180 137 78 -1 -1 -1 -1 
397 5 1063 336 81 213 -1 -1 -1 -1 
397 13 612 404 69 105 -1 -1 -1 -1 
398 1 377 185 105 68 -1 -1 -1 -1 
398 2 844 351 53 217 -1 -1 -1 -1 
398 3 839 186 58 64 -1 -1 -1 -1 
398 4 561 180 137 78 -1 -1 -1 -1 
398 5 1063 336 81 213 -1 -1 -1 -1 
398 13 612 404 69 105 -1 -1 -1 -1 
399 1 376 183 105 69 -1 -1 -1 -1 
399 2 844 351 53 217 -1 -1 -1 -1 
399 3 839 185 60 65 -1 -1 -1 -1 
399 4 561 180 137 78 -1 -1 -1 -1 
399 5 1062 336 82 213 -1 -1 -1 -1 
399 13 612 404 69 105 -1 -1 -1 -1 
400 1 376 183 104 69 -1 -1 -1 -1 
400 2 844 351 53 217 -1 -1 -1 -1 
400 3 838 185 62 65 -1 -1 -1 -1 
400 4 561 180 137 78 -1 -1 -1 -1 
400 5 1061 336 83 213 -1 -1 -1 -1 
400 13 612 404 69 105 -1 -1 -1 -1 
401 1 376 183 104 69 -1 -1 -1 -1 
401 2 845 351 52 217 -1 -1 -1 -1 
401 3 834 185 68 65 -1 -1 -1 -1 
401 4 561 180 137 78 -1 -1 -1 -1 
401 5 1061 336 83 213 -1 -1 -1 -1 
401 13 612 404 69 104 -1 -1 -1 -1 
402 1 376 182 104 70 -1 -1 -1 -1 
402 2 845 351 53 217 -1 -1 -1 -1 
402 3 831 185 73 64 -1 -1 -1 -1 
402 4 561 180 137 78 -1 -1 -1 -1 
402 5 1060 336 84 213 -1 -1 -1 -1 
402 13 611 404 69 104 -1 -1 -1 -1 
403 1 376 182 104 70 -1 -1 -1 -1 
403 2 846 351 52 217 -1 -1 -1 -1 
403 3 829 185 77 65 -1 -1 -1 -1 
403 4 562 180 136 78 -1 -1 -1 -1 
403 5 1059 336 85 213 -1 -1 -1 -1 
403 13 611 404 69 104 -1 -1 -1 -1 
404 1 377 182 102 70 -1 -1 -1 -1 
404 2 846 351 52 217 -1 -1 -1 -1 
404 3 827 185 83 64 -1 -1 -1 -1 
404 4 562 181 136 77 -1 -1 -1 -1 
404 5 1059 336 85 213 -1 -1 -1 -1 
404 13 610 404 70 104 -1 -1 -1 -1 
405 1 377 181 100 70 -1 -1 -1 -1 
405 2 846 351 53 217 -1 -1 -1 -1 
405 3 826 185 89 66 -1 -1 -1 -1 
405 4 561 181 137 77 -1 -1 -1 -1 
405 5 1058 336 86 213 -1 -1 -1 -1 
405 13 610 404 69 104 -1 -1 -1 -1 
406 1 378 181 99 70 -1 -1 -1 -1 
406 2 846 351 53 217 -1 -1 -1 -1 
406 3 823 185 95 66 -1 -1 -1 -1 
406 4 561 181 137 77 -1 -1 -1 -1 
406 5 1057 336 86 213 -1 -1 -1 -1 
406 13 609 405 70 103 -1 -1 -1 -1 
407 1 377 181 99 70 -1 -1 -1 -1 
407 2 847 351 52 218 -1 -1 -1 -1 
407 3 822 185 96 66 -1 -1 -1 -1 
407 4 561 181 137 77 -1 -1 -1 -1 
407 5 1056 336 87 213 -1 -1 -1 -1 
407 13 609 405 70 103 -1 -1 -1 -1 
408 1 378 180 98 71 -1 -1 -1 -1 
408 2 847 351 53 218 -1 -1 -1 -1 
408 3 820 186 100 64 -1 -1 -1 -1 
408 4 561 181 137 77 -1 -1 -1 -1 
408 5 1056 336 87 213 -1 -1 -1 -1 
408 13 608 405 71 103 -1 -1 -1 -1 
409 1 378 180 98 71 -1 -1 -1 -1 
409 2 847 351 53 218 -1 -1 -1 -1 
409 3 819 186 101 64 -1 -1 -1 -1 
409 4 561 181 137 77 -1 -1 -1 -1 
409 5 1054 336 89 213 -1 -1 -1 -1 
409 13 608 405 71 103 -1 -1 -1 -1 
410 1 378 179 97 72 -1 -1 -1 -1 
410 2 847 351 53 218 -1 -1 -1 -1 
410 3 819 186 101 64 -1 -1 -1 -1 
410 4 562 181 136 77 -1 -1 -1 -1 
410 5 1053 336 90 213 -1 -1 -1 -1 
410 13 608 405 71 103 -1 -1 -1 -1 
411 1 378 179 96 72 -1 -1 -1 -1 
411 2 848 351 52 218 -1 -1 -1 -1 
411 3 818 186 102 64 -1 -1 -1 -1 
411 4 561 181 137 77 -1 -1 -1 -1 
411 5 1051 336 91 213 -1 -1 -1 -1 
411 13 607 404 72 104 -1 -1 -1 -1 
412 1 378 179 96 72 -1 -1 -1 -1 
412 2 848 351 52 218 -1 -1 -1 -1 
412 3 818 186 102 64 -1 -1 -1 -1 
412 4 561 181 137 77 -1 -1 -1 -1 
412 5 1050 336 92 213 -1 -1 -1 -1 
412 13 607 404 72 104 -1 -1 -1 -1 
413 1 378 178 96 73 -1 -1 -1 -1 
413 2 848 351 52 218 -1 -1 -1 -1 
413 3 818 185 103 65 -1 -1 -1 -1 
413 4 561 181 137 77 -1 -1 -1 -1 
413 5 1049 336 93 213 -1 -1 -1 -1 
413 13 607 404 72 104 -1 -1 -1 -1 
414 1 378 178 96 73 -1 -1 -1 -1 
414 2 848 351 53 218 -1 -1 -1 -1 
414 3 818 185 101 64 -1 -1 -1 -1 
414 4 561 181 137 77 -1 -1 -1 -1 
414 5 1050 337 92 212 -1 -1 -1 -1 
414 13 607 404 72 104 -1 -1 -1 -1 
415 1 378 178 96 73 -1 -1 -1 -1 
415 2 848 351 53 218 -1 -1 -1 -1 
415 3 817 185 104 65 -1 -1 -1 -1 
415 4 561 181 137 77 -1 -1 -1 -1 
415 5 1049 336 93 213 -1 -1 -1 -1 
415 13 607 404 72 104 -1 -1 -1 -1 
416 1 378 178 96 73 -1 -1 -1 -1 
416 2 848 351 53 218 -1 -1 -1 -1 
416 3 818 185 103 65 -1 -1 -1 -1 
416 4 561 180 137 78 -1 -1 -1 -1 
416 5 1049 336 93 213 -1 -1 -1 -1 
416 13 607 404 72 104 -1 -1 -1 -1 
417 1 380 177 94 74 -1 -1 -1 -1 
417 2 849 351 52 218 -1 -1 -1 -1 
417 3 818 185 103 65 -1 -1 -1 -1 
417 4 561 181 137 77 -1 -1 -1 -1 
417 5 1048 337 93 212 -1 -1 -1 -1 
417 13 607 404 73 104 -1 -1 -1 -1 
418 1 381 177 93 74 -1 -1 -1 -1 
418 2 849 351 51 218 -1 -1 -1 -1 
418 3 818 185 104 66 -1 -1 -1 -1 
418 4 561 181 137 77 -1 -1 -1 -1 
418 5 1048 337 93 211 -1 -1 -1 -1 
418 13 606 404 74 104 -1 -1 -1 -1 
419 1 381 178 93 73 -1 -1 -1 -1 
419 2 849 351 52 218 -1 -1 -1 -1 
419 3 819 185 102 65 -1 -1 -1 -1 
419 4 562 181 136 77 -1 -1 -1 -1 
419 5 1045 333 99 216 -1 -1 -1 -1 
419 13 607 404 73 104 -1 -1 -1 -1 
420 1 381 178 93 73 -1 -1 -1 -1 
420 2 849 351 52 218 -1 -1 -1 -1 
420 3 819 185 102 65 -1 -1 -1 -1 
420 4 561 181 137 77 -1 -1 -1 -1 
420 5 1051 336 91 213 -1 -1 -1 -1 
420 13 607 404 72 104 -1 -1 -1 -1 
421 1 381 178 93 73 -1 -1 -1 -1 
421 2 849 351 52 218 -1 -1 -1 -1 
421 3 819 185 102 65 -1 -1 -1 -1 
421 4 562 180 136 78 -1 -1 -1 -1 
421 5 1054 336 88 213 -1 -1 -1 -1 
421 13 607 404 72 104 -1 -1 -1 -1 
422 1 381 179 93 72 -1 -1 -1 -1 
422 2 849 351 52 218 -1 -1 -1 -1 
422 3 819 185 102 65 -1 -1 -1 -1 
422 4 562 180 136 78 -1 -1 -1 -1 
422 5 1057 336 85 213 -1 -1 -1 -1 
422 13 607 404 72 104 -1 -1 -1 -1 
423 1 380 181 97 70 -1 -1 -1 -1 
423 2 849 351 52 218 -1 -1 -1 -1 
423 3 819 186 102 64 -1 -1 -1 -1 
423 4 562 180 136 78 -1 -1 -1 -1 
423 5 1059 336 83 213 -1 -1 -1 -1 
423 13 607 404 72 104 -1 -1 -1 -1 
424 1 380 181 97 70 -1 -1 -1 -1 
424 2 849 351 52 218 -1 -1 -1 -1 
424 3 819 186 102 64 -1 -1 -1 -1 
424 4 562 180 136 78 -1 -1 -1 -1 
424 5 1061 336 81 213 -1 -1 -1 -1 
424 13 607 404 72 104 -1 -1 -1 -1 
425 1 380 181 98 70 -1 -1 -1 -1 
425 2 849 351 53 218 -1 -1 -1 -1 
425 3 819 187 102 63 -1 -1 -1 -1 
425 4 562 180 136 78 -1 -1 -1 -1 
425 5 1063 337 79 212 -1 -1 -1 -1 
425 13 607 404 72 104 -1 -1 -1 -1 
426 1 380 181 99 71 -1 -1 -1 -1 
426 2 850 352 52 217 -1 -1 -1 -1 
426 3 818 187 103 63 -1 -1 -1 -1 
426 4 562 181 136 77 -1 -1 -1 -1 
426 5 1064 337 79 212 -1 -1 -1 -1 
426 13 608 404 71 104 -1 -1 -1 -1 
427 1 380 181 100 71 -1 -1 -1 -1 
427 2 850 352 53 217 -1 -1 -1 -1 
427 3 818 187 103 64 -1 -1 -1 -1 
427 4 562 181 136 77 -1 -1 -1 -1 
427 5 1065 337 78 212 -1 -1 -1 -1 
427 13 608 404 71 104 -1 -1 -1 -1 
428 1 380 181 100 71 -1 -1 -1 -1 
428 2 850 353 53 216 -1 -1 -1 -1 
428 3 818 188 103 63 -1 -1 -1 -1 
428 4 562 181 136 77 -1 -1 -1 -1 
428 5 1066 337 78 212 -1 -1 -1 -1 
428 13 608 404 71 104 -1 -1 -1 -1 
429 1 380 181 100 71 -1 -1 -1 -1 
429 2 850 353 54 216 -1 -1 -1 -1 
429 3 818 188 103 62 -1 -1 -1 -1 
429 4 562 181 136 77 -1 -1 -1 -1 
429 5 1066 338 78 211 -1 -1 -1 -1 
429 13 608 404 71 104 -1 -1 -1 -1 
430 1 380 181 101 71 -1 -1 -1 -1 
430 2 850 353 54 216 -1 -1 -1 -1 
430 3 818 188 103 62 -1 -1 -1 -1 
430 4 562 181 136 77 -1 -1 -1 -1 
430 5 1066 337 78 212 -1 -1 -1 -1 
430 13 609 404 70 104 -1 -1 -1 -1 
431 1 380 181 101 71 -1 -1 -1 -1 
431 2 850 353 54 216 -1 -1 -1 -1 
431 3 818 188 103 62 -1 -1 -1 -1 
431 4 562 181 136 77 -1 -1 -1 -1 
431 5 1066 338 78 211 -1 -1 -1 -1 
431 13 609 404 70 104 -1 -1 -1 -1 
432 1 380 181 101 71 -1 -1 -1 -1 
432 2 850 353 55 216 -1 -1 -1 -1 
432 3 818 189 103 61 -1 -1 -1 -1 
432 4 562 180 135 78 -1 -1 -1 -1 
432 5 1066 338 78 211 -1 -1 -1 -1 
432 13 609 404 70 104 -1 -1 -1 -1 
433 1 380 181 102 71 -1 -1 -1 -1 
433 2 850 354 55 215 -1 -1 -1 -1 
433 3 818 189 103 62 -1 -1 -1 -1 
433 4 562 180 135 78 -1 -1 -1 -1 
433 5 1065 339 79 210 -1 -1 -1 -1 
433 13 610 404 69 104 -1 -1 -1 -1 
434 1 381 181 102 71 -1 -1 -1 -1 
434 2 850 354 55 215 -1 -1 -1 -1 
434 3 818 189 103 61 -1 -1 -1 -1 
434 4 562 180 136 78 -1 -1 -1 -1 
434 5 1065 339 79 210 -1 -1 -1 -1 
434 13 610 404 69 104 -1 -1 -1 -1 
435 1 381 181 103 71 -1 -1 -1 -1 
435 2 851 354 55 215 -1 -1 -1 -1 
435 3 818 189 103 61 -1 -1 -1 -1 
435 4 562 180 136 78 -1 -1 -1 -1 
435 5 1065 339 78 210 -1 -1 -1 -1 
435 13 611 404 68 104 -1 -1 -1 -1 
436 1 382 181 103 72 -1 -1 -1 -1 
436 2 851 354 55 215 -1 -1 -1 -1 
436 3 818 189 103 61 -1 -1 -1 -1 
436 4 562 180 136 78 -1 -1 -1 -1 
436 5 1064 339 79 210 -1 -1 -1 -1 
436 13 611 404 68 104 -1 -1 -1 -1 
437 1 382 181 103 72 -1 -1 -1 -1 
437 2 851 354 55 215 -1 -1 -1 -1 
437 3 818 189 103 61 -1 -1 -1 -1 
437 4 562 180 136 78 -1 -1 -1 -1 
437 5 1064 339 78 210 -1 -1 -1 -1 
437 13 612 404 67 104 -1 -1 -1 -1 
438 1 382 181 105 72 -1 -1 -1 -1 
438 2 851 354 55 215 -1 -1 -1 -1 
438 3 818 189 103 61 -1 -1 -1 -1 
438 4 562 180 136 78 -1 -1 -1 -1 
438 5 1064 340 78 209 -1 -1 -1 -1 
438 13 612 404 68 104 -1 -1 -1 -1 
439 1 382 181 106 72 -1 -1 -1 -1 
439 2 851 354 55 215 -1 -1 -1 -1 
439 3 818 189 102 61 -1 -1 -1 -1 
439 4 561 180 137 78 -1 -1 -1 -1 
439 5 1064 340 78 209 -1 -1 -1 -1 
439 13 612 403 68 105 -1 -1 -1 -1 
440 1 383 181 107 72 -1 -1 -1 -1 
440 2 851 354 55 215 -1 -1 -1 -1 
440 3 818 189 103 61 -1 -1 -1 -1 
440 4 561 180 137 78 -1 -1 -1 -1 
440 5 1063 341 78 208 -1 -1 -1 -1 
440 13 613 403 67 105 -1 -1 -1 -1 
441 1 383 181 108 72 -1 -1 -1 -1 
441 2 851 354 55 215 -1 -1 -1 -1 
441 3 818 189 102 61 -1 -1 -1 -1 
441 4 561 180 137 78 -1 -1 -1 -1 
441 5 1061 339 80 211 -1 -1 -1 -1 
441 13 613 403 67 105 -1 -1 -1 -1 
442 1 385 181 107 72 -1 -1 -1 -1 
442 2 851 354 54 215 -1 -1 -1 -1 
442 3 818 189 102 61 -1 -1 -1 -1 
442 4 561 180 137 78 -1 -1 -1 -1 
442 5 1061 340 79 210 -1 -1 -1 -1 
442 13 613 403 67 105 -1 -1 -1 -1 
443 1 385 181 108 72 -1 -1 -1 -1 
443 2 851 354 54 215 -1 -1 -1 -1 
443 3 818 189 102 61 -1 -1 -1 -1 
443 4 561 180 137 78 -1 -1 -1 -1 
443 5 1060 340 80 210 -1 -1 -1 -1 
443 13 614 403 66 105 -1 -1 -1 -1 
444 1 384 181 110 72 -1 -1 -1 -1 
444 2 851 354 55 215 -1 -1 -1 -1 
444 3 818 189 102 61 -1 -1 -1 -1 
444 4 561 180 137 78 -1 -1 -1 -1 
444 5 1060 340 80 210 -1 -1 -1 -1 
444 13 614 403 66 105 -1 -1 -1 -1 
445 1 384 181 111 73 -1 -1 -1 -1 
445 2 851 354 54 215 -1 -1 -1 -1 
445 3 818 189 102 61 -1 -1 -1 -1 
445 4 561 180 137 78 -1 -1 -1 -1 
445 5 1060 341 79 209 -1 -1 -1 -1 
445 13 614 403 66 105 -1 -1 -1 -1 
446 1 384 180 112 73 -1 -1 -1 -1 
446 2 852 354 54 215 -1 -1 -1 -1 
446 3 818 189 103 62 -1 -1 -1 -1 
446 4 561 180 137 78 -1 -1 -1 -1 
446 5 1060 343 79 207 -1 -1 -1 -1 
446 13 615 403 66 105 -1 -1 -1 -1 
447 1 386 180 111 73 -1 -1 -1 -1 
447 2 852 354 54 215 -1 -1 -1 -1 
447 3 818 190 104 61 -1 -1 -1 -1 
447 4 561 179 137 79 -1 -1 -1 -1 
447 5 1059 345 80 205 -1 -1 -1 -1 
447 13 615 403 66 105 -1 -1 -1 -1 
448 1 388 180 110 73 -1 -1 -1 -1 
448 2 852 354 54 215 -1 -1 -1 -1 
448 3 818 190 104 61 -1 -1 -1 -1 
448 4 561 179 137 79 -1 -1 -1 -1 
448 5 1059 346 80 204 -1 -1 -1 -1 
448 13 615 403 66 105 -1 -1 -1 -1 
449 1 389 180 110 74 -1 -1 -1 -1 
449 2 852 354 54 215 -1 -1 -1 -1 
449 3 818 190 104 61 -1 -1 -1 -1 
449 4 561 180 137 78 -1 -1 -1 -1 
449 5 1058 347 80 203 -1 -1 -1 -1 
449 13 615 403 66 105 -1 -1 -1 -1 
450 1 392 180 107 73 -1 -1 -1 -1 
450 2 852 354 54 215 -1 -1 -1 -1 
450 3 818 190 103 61 -1 -1 -1 -1 
450 4 561 180 137 78 -1 -1 -1 -1 
450 5 1057 348 81 202 -1 -1 -1 -1 
450 13 615 403 66 105 -1 -1 -1 -1 
451 1 395 180 104 74 -1 -1 -1 -1 
451 2 852 354 54 215 -1 -1 -1 -1 
451 3 818 189 103 62 -1 -1 -1 -1 
451 4 561 180 137 78 -1 -1 -1 -1 
451 5 1057 349 81 201 -1 -1 -1 -1 
451 13 615 403 66 105 -1 -1 -1 -1 
452 1 397 180 102 74 -1 -1 -1 -1 
452 2 852 354 54 214 -1 -1 -1 -1 
452 3 818 189 103 62 -1 -1 -1 -1 
452 4 561 180 137 78 -1 -1 -1 -1 
452 5 1056 349 82 200 -1 -1 -1 -1 
452 13 615 403 65 105 -1 -1 -1 -1 
453 1 397 180 102 74 -1 -1 -1 -1 
453 2 852 354 54 215 -1 -1 -1 -1 
453 3 818 189 103 62 -1 -1 -1 -1 
453 4 561 180 137 78 -1 -1 -1 -1 
453 5 1054 350 83 199 -1 -1 -1 -1 
453 13 615 403 65 105 -1 -1 -1 -1 
454 1 399 180 100 74 -1 -1 -1 -1 
454 2 852 354 54 214 -1 -1 -1 -1 
454 3 818 190 103 61 -1 -1 -1 -1 
454 4 561 180 137 78 -1 -1 -1 -1 
454 5 1054 352 83 197 -1 -1 -1 -1 
454 13 614 403 66 105 -1 -1 -1 -1 
455 1 400 180 98 75 -1 -1 -1 -1 
455 2 852 354 54 214 -1 -1 -1 -1 
455 3 818 189 104 62 -1 -1 -1 -1 
455 4 561 180 137 78 -1 -1 -1 -1 
455 5 1053 352 84 197 -1 -1 -1 -1 
455 13 614 403 66 105 -1 -1 -1 -1 
456 1 401 181 97 75 -1 -1 -1 -1 
456 2 852 354 53 214 -1 -1 -1 -1 
456 3 818 190 104 61 -1 -1 -1 -1 
456 4 561 180 137 78 -1 -1 -1 -1 
456 5 1053 354 82 195 -1 -1 -1 -1 
456 13 614 403 66 105 -1 -1 -1 -1 
