4 1 949 99 37 129 -1 -1 -1 -1 
4 2 273 403 155 126 -1 -1 -1 -1 
4 3 993 90 55 131 -1 -1 -1 -1 
4 4 575 186 126 76 -1 -1 -1 -1 
4 5 890 446 165 110 -1 -1 -1 -1 
4 6 652 394 88 108 -1 -1 -1 -1 
5 1 950 99 36 129 -1 -1 -1 -1 
5 2 273 403 154 126 -1 -1 -1 -1 
5 3 994 89 53 132 -1 -1 -1 -1 
5 4 575 186 126 76 -1 -1 -1 -1 
5 5 889 446 165 110 -1 -1 -1 -1 
5 6 652 393 88 109 -1 -1 -1 -1 
6 1 949 99 37 129 -1 -1 -1 -1 
6 2 273 403 154 126 -1 -1 -1 -1 
6 3 994 89 53 133 -1 -1 -1 -1 
6 4 575 186 126 76 -1 -1 -1 -1 
6 5 889 444 165 111 -1 -1 -1 -1 
6 6 652 393 88 109 -1 -1 -1 -1 
7 1 949 99 38 129 -1 -1 -1 -1 
7 2 274 402 153 128 -1 -1 -1 -1 
7 3 994 89 52 133 -1 -1 -1 -1 
7 4 575 186 126 76 -1 -1 -1 -1 
7 5 889 443 165 111 -1 -1 -1 -1 
7 6 651 393 89 109 -1 -1 -1 -1 
8 1 949 99 38 130 -1 -1 -1 -1 
8 2 274 402 153 128 -1 -1 -1 -1 
8 3 994 89 51 133 -1 -1 -1 -1 
8 4 575 186 126 76 -1 -1 -1 -1 
8 5 888 441 166 112 -1 -1 -1 -1 
8 6 651 392 89 110 -1 -1 -1 -1 
9 1 950 100 38 129 -1 -1 -1 -1 
9 2 274 402 153 128 -1 -1 -1 -1 
9 3 994 89 51 134 -1 -1 -1 -1 
9 4 575 186 126 76 -1 -1 -1 -1 
9 5 887 441 167 112 -1 -1 -1 -1 
9 6 651 392 88 110 -1 -1 -1 -1 
10 1 950 100 37 129 -1 -1 -1 -1 
10 2 274 401 153 129 -1 -1 -1 -1 
10 3 994 89 50 134 -1 -1 -1 -1 
10 4 575 186 126 76 -1 -1 -1 -1 
10 5 888 441 166 111 -1 -1 -1 -1 
10 6 651 392 87 109 -1 -1 -1 -1 
10 7 957 150 12 21 -1 -1 -1 -1 
11 1 950 100 37 129 -1 -1 -1 -1 
11 2 275 400 151 130 -1 -1 -1 -1 
11 3 995 89 49 134 -1 -1 -1 -1 
11 4 575 186 126 76 -1 -1 -1 -1 
11 5 887 439 167 113 -1 -1 -1 -1 
11 6 650 392 87 109 -1 -1 -1 -1 
11 7 957 150 12 21 -1 -1 -1 -1 
12 1 950 99 38 131 -1 -1 -1 -1 
12 2 276 400 150 130 -1 -1 -1 -1 
12 3 995 89 49 134 -1 -1 -1 -1 
12 4 575 186 126 77 -1 -1 -1 -1 
12 5 884 439 169 113 -1 -1 -1 -1 
12 6 650 391 86 110 -1 -1 -1 -1 
12 7 957 149 13 22 -1 -1 -1 -1 
12 8 955 126 21 73 -1 -1 -1 -1 
13 1 950 99 38 131 -1 -1 -1 -1 
13 2 278 399 147 133 -1 -1 -1 -1 
13 3 995 89 48 134 -1 -1 -1 -1 
13 4 575 186 126 77 -1 -1 -1 -1 
13 5 884 438 169 114 -1 -1 -1 -1 
13 6 650 391 83 110 -1 -1 -1 -1 
13 7 957 149 12 22 -1 -1 -1 -1 
13 8 954 124 22 77 -1 -1 -1 -1 
14 1 950 99 37 132 -1 -1 -1 -1 
14 2 281 398 145 134 -1 -1 -1 -1 
14 3 996 89 47 134 -1 -1 -1 -1 
14 4 575 185 126 78 -1 -1 -1 -1 
14 5 884 435 170 116 -1 -1 -1 -1 
14 6 650 391 79 110 -1 -1 -1 -1 
14 7 956 149 13 21 -1 -1 -1 -1 
14 8 954 122 22 82 -1 -1 -1 -1 
15 1 950 98 37 133 -1 -1 -1 -1 
15 2 282 398 144 134 -1 -1 -1 -1 
15 3 996 89 47 134 -1 -1 -1 -1 
15 4 575 185 126 78 -1 -1 -1 -1 
15 5 880 436 180 116 -1 -1 -1 -1 
15 6 650 391 77 111 -1 -1 -1 -1 
15 7 956 149 13 21 -1 -1 -1 -1 
15 8 954 124 22 77 -1 -1 -1 -1 
16 1 949 99 38 132 -1 -1 -1 -1 
16 2 287 397 139 135 -1 -1 -1 -1 
16 3 995 88 48 135 -1 -1 -1 -1 
16 4 575 186 126 76 -1 -1 -1 -1 
16 5 881 437 179 114 -1 -1 -1 -1 
16 6 650 391 76 111 -1 -1 -1 -1 
16 7 956 149 12 21 -1 -1 -1 -1 
16 8 953 121 23 84 -1 -1 -1 -1 
17 1 949 99 37 132 -1 -1 -1 -1 
17 2 290 397 137 136 -1 -1 -1 -1 
17 3 994 88 49 135 -1 -1 -1 -1 
17 4 575 186 126 76 -1 -1 -1 -1 
17 5 881 438 179 113 -1 -1 -1 -1 
17 6 650 391 76 111 -1 -1 -1 -1 
17 7 955 150 12 19 -1 -1 -1 -1 
17 8 952 114 26 99 -1 -1 -1 -1 
18 1 949 99 37 132 -1 -1 -1 -1 
18 2 295 397 132 136 -1 -1 -1 -1 
18 3 994 88 48 135 -1 -1 -1 -1 
18 4 575 186 126 76 -1 -1 -1 -1 
18 5 881 440 178 111 -1 -1 -1 -1 
18 6 650 392 77 110 -1 -1 -1 -1 
18 7 955 149 12 20 -1 -1 -1 -1 
18 8 952 114 26 98 -1 -1 -1 -1 
19 1 949 99 37 132 -1 -1 -1 -1 
19 2 302 398 124 133 -1 -1 -1 -1 
19 3 994 88 48 135 -1 -1 -1 -1 
19 4 575 186 126 76 -1 -1 -1 -1 
19 5 881 440 178 111 -1 -1 -1 -1 
19 6 651 392 76 110 -1 -1 -1 -1 
19 7 955 149 12 20 -1 -1 -1 -1 
19 8 951 113 27 100 -1 -1 -1 -1 
20 1 950 97 37 132 -1 -1 -1 -1 
20 2 303 398 123 133 -1 -1 -1 -1 
20 3 994 88 48 135 -1 -1 -1 -1 
20 4 575 186 126 76 -1 -1 -1 -1 
20 5 881 440 177 112 -1 -1 -1 -1 
20 6 651 392 76 110 -1 -1 -1 -1 
20 7 954 149 12 20 -1 -1 -1 -1 
20 8 950 107 30 113 -1 -1 -1 -1 
21 1 949 97 38 132 -1 -1 -1 -1 
21 2 306 398 120 133 -1 -1 -1 -1 
21 3 994 88 48 135 -1 -1 -1 -1 
21 4 575 186 126 76 -1 -1 -1 -1 
21 5 882 439 176 113 -1 -1 -1 -1 
21 6 651 393 77 109 -1 -1 -1 -1 
21 7 954 149 12 19 -1 -1 -1 -1 
22 1 949 97 37 131 -1 -1 -1 -1 
22 2 307 398 119 133 -1 -1 -1 -1 
22 3 993 87 49 136 -1 -1 -1 -1 
22 4 575 186 126 76 -1 -1 -1 -1 
22 5 882 439 175 113 -1 -1 -1 -1 
22 6 652 393 75 108 -1 -1 -1 -1 
22 7 953 149 12 20 -1 -1 -1 -1 
23 1 949 97 37 132 -1 -1 -1 -1 
23 2 308 398 118 133 -1 -1 -1 -1 
23 3 993 88 49 135 -1 -1 -1 -1 
23 4 575 186 126 76 -1 -1 -1 -1 
23 5 882 438 175 113 -1 -1 -1 -1 
23 6 652 393 75 108 -1 -1 -1 -1 
23 7 953 149 12 20 -1 -1 -1 -1 
24 1 948 97 38 132 -1 -1 -1 -1 
24 2 310 398 116 133 -1 -1 -1 -1 
24 3 993 88 49 135 -1 -1 -1 -1 
24 4 575 186 126 76 -1 -1 -1 -1 
24 5 881 438 176 113 -1 -1 -1 -1 
24 6 652 393 75 108 -1 -1 -1 -1 
24 7 952 150 12 18 -1 -1 -1 -1 
25 1 948 98 38 131 -1 -1 -1 -1 
25 2 311 398 115 133 -1 -1 -1 -1 
25 3 993 88 49 135 -1 -1 -1 -1 
25 4 575 186 126 76 -1 -1 -1 -1 
25 5 881 438 175 113 -1 -1 -1 -1 
25 6 652 393 75 107 -1 -1 -1 -1 
25 7 952 150 12 18 -1 -1 -1 -1 
26 1 948 98 38 130 -1 -1 -1 -1 
26 2 312 397 114 134 -1 -1 -1 -1 
26 3 993 88 49 135 -1 -1 -1 -1 
26 4 575 186 126 76 -1 -1 -1 -1 
26 5 881 438 175 113 -1 -1 -1 -1 
26 6 653 394 73 106 -1 -1 -1 -1 
26 7 952 150 12 19 -1 -1 -1 -1 
27 1 946 98 39 133 -1 -1 -1 -1 
27 2 312 397 114 134 -1 -1 -1 -1 
27 3 993 88 49 135 -1 -1 -1 -1 
27 4 575 186 126 76 -1 -1 -1 -1 
27 5 881 437 175 114 -1 -1 -1 -1 
27 6 652 394 74 106 -1 -1 -1 -1 
27 7 952 150 12 19 -1 -1 -1 -1 
28 1 946 98 39 133 -1 -1 -1 -1 
28 2 312 397 114 134 -1 -1 -1 -1 
28 3 993 88 49 135 -1 -1 -1 -1 
28 4 575 186 126 76 -1 -1 -1 -1 
28 5 881 437 175 114 -1 -1 -1 -1 
28 6 653 394 73 106 -1 -1 -1 -1 
28 7 952 150 10 18 -1 -1 -1 -1 
29 1 945 98 40 133 -1 -1 -1 -1 
29 2 312 398 114 133 -1 -1 -1 -1 
29 3 992 88 50 135 -1 -1 -1 -1 
29 4 575 186 126 76 -1 -1 -1 -1 
29 5 881 437 175 114 -1 -1 -1 -1 
29 6 654 394 72 106 -1 -1 -1 -1 
29 7 952 150 10 18 -1 -1 -1 -1 
30 1 945 99 41 132 -1 -1 -1 -1 
30 2 312 398 114 133 -1 -1 -1 -1 
30 3 992 88 50 135 -1 -1 -1 -1 
30 4 575 186 126 76 -1 -1 -1 -1 
30 5 881 437 175 114 -1 -1 -1 -1 
30 6 654 394 72 106 -1 -1 -1 -1 
30 7 952 150 10 19 -1 -1 -1 -1 
31 1 945 99 42 132 -1 -1 -1 -1 
31 2 312 398 114 133 -1 -1 -1 -1 
31 3 992 88 50 135 -1 -1 -1 -1 
31 4 575 186 126 76 -1 -1 -1 -1 
31 5 881 437 175 114 -1 -1 -1 -1 
31 6 654 394 72 105 -1 -1 -1 -1 
31 7 952 150 10 19 -1 -1 -1 -1 
32 1 945 99 42 132 -1 -1 -1 -1 
32 2 313 397 113 134 -1 -1 -1 -1 
32 3 993 88 49 135 -1 -1 -1 -1 
32 4 575 186 126 76 -1 -1 -1 -1 
32 5 882 437 175 114 -1 -1 -1 -1 
32 6 654 394 72 105 -1 -1 -1 -1 
32 7 952 150 10 19 -1 -1 -1 -1 
33 1 945 99 42 132 -1 -1 -1 -1 
33 2 313 397 113 134 -1 -1 -1 -1 
33 3 993 88 49 135 -1 -1 -1 -1 
33 4 575 186 126 77 -1 -1 -1 -1 
33 5 882 437 175 114 -1 -1 -1 -1 
33 6 655 394 71 105 -1 -1 -1 -1 
33 7 952 150 10 18 -1 -1 -1 -1 
34 1 946 98 42 131 -1 -1 -1 -1 
34 2 313 397 113 134 -1 -1 -1 -1 
34 3 993 88 49 135 -1 -1 -1 -1 
34 4 575 186 126 77 -1 -1 -1 -1 
34 5 881 437 176 114 -1 -1 -1 -1 
34 6 655 394 71 105 -1 -1 -1 -1 
34 7 952 150 10 18 -1 -1 -1 -1 
35 1 946 98 41 130 -1 -1 -1 -1 
35 2 312 397 114 134 -1 -1 -1 -1 
35 3 994 88 48 135 -1 -1 -1 -1 
35 4 575 186 126 76 -1 -1 -1 -1 
35 5 881 437 176 114 -1 -1 -1 -1 
35 6 656 394 70 106 -1 -1 -1 -1 
35 7 952 150 10 18 -1 -1 -1 -1 
36 1 946 98 40 130 -1 -1 -1 -1 
36 2 311 397 115 134 -1 -1 -1 -1 
36 3 994 88 48 135 -1 -1 -1 -1 
36 4 575 186 126 76 -1 -1 -1 -1 
36 5 881 437 175 114 -1 -1 -1 -1 
36 6 657 394 69 106 -1 -1 -1 -1 
36 7 952 150 10 18 -1 -1 -1 -1 
37 1 946 98 39 130 -1 -1 -1 -1 
37 2 310 397 116 134 -1 -1 -1 -1 
37 3 994 88 48 136 -1 -1 -1 -1 
37 4 575 186 126 76 -1 -1 -1 -1 
37 5 881 437 175 114 -1 -1 -1 -1 
37 6 657 394 68 106 -1 -1 -1 -1 
37 7 952 149 10 19 -1 -1 -1 -1 
38 1 947 98 38 130 -1 -1 -1 -1 
38 2 310 397 116 134 -1 -1 -1 -1 
38 3 995 88 47 135 -1 -1 -1 -1 
38 4 575 186 126 76 -1 -1 -1 -1 
38 5 881 437 176 114 -1 -1 -1 -1 
38 6 657 394 68 106 -1 -1 -1 -1 
38 7 952 149 10 19 -1 -1 -1 -1 
39 1 947 97 38 131 -1 -1 -1 -1 
39 2 310 397 115 134 -1 -1 -1 -1 
39 3 995 88 47 136 -1 -1 -1 -1 
39 4 575 186 126 77 -1 -1 -1 -1 
39 5 881 438 176 113 -1 -1 -1 -1 
39 6 656 394 68 107 -1 -1 -1 -1 
39 7 951 150 12 18 -1 -1 -1 -1 
40 1 947 97 38 131 -1 -1 -1 -1 
40 2 311 397 114 134 -1 -1 -1 -1 
40 3 996 88 46 136 -1 -1 -1 -1 
40 4 575 186 126 76 -1 -1 -1 -1 
40 5 881 437 175 114 -1 -1 -1 -1 
40 6 656 393 68 108 -1 -1 -1 -1 
40 7 952 150 11 18 -1 -1 -1 -1 
41 1 948 97 37 131 -1 -1 -1 -1 
41 2 311 398 115 134 -1 -1 -1 -1 
41 3 995 88 46 135 -1 -1 -1 -1 
41 4 575 186 126 76 -1 -1 -1 -1 
41 5 881 437 175 114 -1 -1 -1 -1 
41 6 656 393 68 108 -1 -1 -1 -1 
41 7 952 150 12 19 -1 -1 -1 -1 
42 1 948 97 37 131 -1 -1 -1 -1 
42 2 311 398 115 134 -1 -1 -1 -1 
42 3 996 89 45 134 -1 -1 -1 -1 
42 4 575 186 126 76 -1 -1 -1 -1 
42 5 881 437 175 114 -1 -1 -1 -1 
42 6 656 393 67 108 -1 -1 -1 -1 
42 7 952 150 12 19 -1 -1 -1 -1 
43 1 949 98 36 129 -1 -1 -1 -1 
43 2 311 398 115 134 -1 -1 -1 -1 
43 3 996 89 45 134 -1 -1 -1 -1 
43 4 575 186 126 76 -1 -1 -1 -1 
43 5 881 437 175 114 -1 -1 -1 -1 
43 6 656 393 67 108 -1 -1 -1 -1 
43 7 953 149 12 20 -1 -1 -1 -1 
44 1 949 97 38 130 -1 -1 -1 -1 
44 2 311 399 115 133 -1 -1 -1 -1 
44 3 996 89 45 134 -1 -1 -1 -1 
44 4 575 186 126 76 -1 -1 -1 -1 
44 5 881 438 175 113 -1 -1 -1 -1 
44 6 655 393 68 108 -1 -1 -1 -1 
44 7 954 148 12 21 -1 -1 -1 -1 
44 8 951 120 25 85 -1 -1 -1 -1 
45 1 950 98 37 129 -1 -1 -1 -1 
45 2 311 399 115 133 -1 -1 -1 -1 
45 3 996 89 45 134 -1 -1 -1 -1 
45 4 575 186 126 76 -1 -1 -1 -1 
45 5 881 438 175 113 -1 -1 -1 -1 
45 6 655 394 68 107 -1 -1 -1 -1 
45 7 954 149 13 20 -1 -1 -1 -1 
45 8 951 116 27 93 -1 -1 -1 -1 
46 1 949 100 37 130 -1 -1 -1 -1 
46 2 310 400 116 132 -1 -1 -1 -1 
46 3 996 89 45 134 -1 -1 -1 -1 
46 4 575 186 126 76 -1 -1 -1 -1 
46 5 881 438 175 113 -1 -1 -1 -1 
46 6 655 393 68 108 -1 -1 -1 -1 
46 7 955 149 12 20 -1 -1 -1 -1 
46 8 951 110 29 106 -1 -1 -1 -1 
47 1 949 100 37 131 -1 -1 -1 -1 
47 2 310 400 116 132 -1 -1 -1 -1 
47 3 995 89 46 134 -1 -1 -1 -1 
47 4 575 186 125 76 -1 -1 -1 -1 
47 5 881 438 175 113 -1 -1 -1 -1 
47 6 656 393 67 108 -1 -1 -1 -1 
47 7 955 150 12 19 -1 -1 -1 -1 
47 8 950 107 31 113 -1 -1 -1 -1 
48 1 949 100 38 131 -1 -1 -1 -1 
48 2 309 400 117 132 -1 -1 -1 -1 
48 3 995 89 46 134 -1 -1 -1 -1 
48 4 575 186 125 76 -1 -1 -1 -1 
48 5 881 438 175 113 -1 -1 -1 -1 
48 6 656 393 66 108 -1 -1 -1 -1 
48 7 956 150 12 20 -1 -1 -1 -1 
48 8 952 111 28 105 -1 -1 -1 -1 
49 1 950 100 37 131 -1 -1 -1 -1 
49 2 309 400 117 131 -1 -1 -1 -1 
49 3 995 89 46 134 -1 -1 -1 -1 
49 4 575 186 126 76 -1 -1 -1 -1 
49 5 881 438 176 113 -1 -1 -1 -1 
49 6 656 393 66 108 -1 -1 -1 -1 
50 1 950 100 38 131 -1 -1 -1 -1 
50 2 308 401 118 130 -1 -1 -1 -1 
50 3 995 89 46 134 -1 -1 -1 -1 
50 4 575 186 125 76 -1 -1 -1 -1 
50 5 881 438 176 113 -1 -1 -1 -1 
51 1 951 100 38 131 -1 -1 -1 -1 
51 2 307 401 119 130 -1 -1 -1 -1 
51 3 995 89 46 135 -1 -1 -1 -1 
51 4 575 186 125 76 -1 -1 -1 -1 
51 5 881 438 176 113 -1 -1 -1 -1 
52 1 951 99 38 132 -1 -1 -1 -1 
52 2 305 401 121 130 -1 -1 -1 -1 
52 3 994 89 47 135 -1 -1 -1 -1 
52 4 575 186 125 76 -1 -1 -1 -1 
52 5 881 438 176 113 -1 -1 -1 -1 
53 1 951 99 38 132 -1 -1 -1 -1 
53 2 305 400 120 131 -1 -1 -1 -1 
53 3 995 89 46 135 -1 -1 -1 -1 
53 4 575 186 125 76 -1 -1 -1 -1 
53 5 881 438 175 113 -1 -1 -1 -1 
54 1 952 100 37 131 -1 -1 -1 -1 
54 2 303 400 122 131 -1 -1 -1 -1 
54 3 995 89 46 135 -1 -1 -1 -1 
54 4 575 186 125 76 -1 -1 -1 -1 
54 5 881 438 175 113 -1 -1 -1 -1 
55 1 952 100 37 132 -1 -1 -1 -1 
55 2 302 400 123 130 -1 -1 -1 -1 
55 3 995 89 46 135 -1 -1 -1 -1 
55 4 575 186 125 76 -1 -1 -1 -1 
55 5 881 438 175 113 -1 -1 -1 -1 
56 1 952 100 37 132 -1 -1 -1 -1 
56 2 301 400 126 131 -1 -1 -1 -1 
56 3 995 89 46 135 -1 -1 -1 -1 
56 4 575 186 125 76 -1 -1 -1 -1 
56 5 881 439 176 112 -1 -1 -1 -1 
57 1 953 100 36 132 -1 -1 -1 -1 
57 2 299 399 127 131 -1 -1 -1 -1 
57 3 995 89 46 135 -1 -1 -1 -1 
57 4 575 187 125 75 -1 -1 -1 -1 
57 5 881 439 176 112 -1 -1 -1 -1 
58 1 953 100 36 132 -1 -1 -1 -1 
58 2 298 399 128 131 -1 -1 -1 -1 
58 3 995 89 46 135 -1 -1 -1 -1 
58 4 575 187 125 75 -1 -1 -1 -1 
58 5 882 440 174 111 -1 -1 -1 -1 
59 1 953 100 36 132 -1 -1 -1 -1 
59 2 297 399 129 131 -1 -1 -1 -1 
59 3 995 89 46 135 -1 -1 -1 -1 
59 4 575 187 126 75 -1 -1 -1 -1 
59 5 884 440 173 111 -1 -1 -1 -1 
60 1 953 100 36 132 -1 -1 -1 -1 
60 2 296 398 129 132 -1 -1 -1 -1 
60 3 995 89 46 135 -1 -1 -1 -1 
60 4 575 187 126 75 -1 -1 -1 -1 
60 5 887 440 169 111 -1 -1 -1 -1 
61 1 953 100 37 132 -1 -1 -1 -1 
61 2 294 397 131 133 -1 -1 -1 -1 
61 3 996 89 45 135 -1 -1 -1 -1 
61 4 575 187 125 75 -1 -1 -1 -1 
61 5 891 440 161 110 -1 -1 -1 -1 
62 1 953 100 37 132 -1 -1 -1 -1 
62 2 293 397 132 134 -1 -1 -1 -1 
62 3 996 89 45 136 -1 -1 -1 -1 
62 4 575 187 125 75 -1 -1 -1 -1 
62 5 894 438 158 112 -1 -1 -1 -1 
63 1 954 100 36 132 -1 -1 -1 -1 
63 2 289 396 136 135 -1 -1 -1 -1 
63 3 996 88 45 137 -1 -1 -1 -1 
63 4 575 186 125 76 -1 -1 -1 -1 
63 5 898 437 154 113 -1 -1 -1 -1 
64 1 954 100 36 132 -1 -1 -1 -1 
64 2 286 396 139 135 -1 -1 -1 -1 
64 3 996 88 45 137 -1 -1 -1 -1 
64 4 575 186 125 76 -1 -1 -1 -1 
64 5 899 438 153 114 -1 -1 -1 -1 
65 1 954 100 36 132 -1 -1 -1 -1 
65 2 284 395 141 135 -1 -1 -1 -1 
65 3 996 88 45 137 -1 -1 -1 -1 
65 4 575 186 125 76 -1 -1 -1 -1 
65 5 897 439 156 116 -1 -1 -1 -1 
66 1 954 101 36 131 -1 -1 -1 -1 
66 2 283 395 142 135 -1 -1 -1 -1 
66 3 996 88 45 137 -1 -1 -1 -1 
66 4 575 187 125 75 -1 -1 -1 -1 
66 5 897 439 156 116 -1 -1 -1 -1 
67 1 954 101 36 131 -1 -1 -1 -1 
67 2 279 395 146 135 -1 -1 -1 -1 
67 3 996 88 45 137 -1 -1 -1 -1 
67 4 575 187 125 75 -1 -1 -1 -1 
67 5 897 439 157 117 -1 -1 -1 -1 
68 1 954 101 36 131 -1 -1 -1 -1 
68 2 280 395 145 135 -1 -1 -1 -1 
68 3 996 88 45 137 -1 -1 -1 -1 
68 4 575 187 125 75 -1 -1 -1 -1 
68 5 897 440 157 117 -1 -1 -1 -1 
69 1 954 101 36 130 -1 -1 -1 -1 
69 2 279 395 146 135 -1 -1 -1 -1 
69 3 996 88 45 137 -1 -1 -1 -1 
69 4 575 186 125 76 -1 -1 -1 -1 
69 5 897 440 157 118 -1 -1 -1 -1 
69 6 655 391 75 109 -1 -1 -1 -1 
70 1 953 101 37 130 -1 -1 -1 -1 
70 2 279 395 146 135 -1 -1 -1 -1 
70 3 996 88 45 137 -1 -1 -1 -1 
70 4 575 187 126 75 -1 -1 -1 -1 
70 5 897 441 158 117 -1 -1 -1 -1 
70 6 654 392 76 108 -1 -1 -1 -1 
71 1 953 101 36 130 -1 -1 -1 -1 
71 2 279 395 146 135 -1 -1 -1 -1 
71 3 995 88 46 136 -1 -1 -1 -1 
71 4 575 187 125 75 -1 -1 -1 -1 
71 5 897 442 158 117 -1 -1 -1 -1 
71 6 655 393 75 108 -1 -1 -1 -1 
72 1 953 100 36 131 -1 -1 -1 -1 
72 2 279 396 147 134 -1 -1 -1 -1 
72 3 994 88 47 136 -1 -1 -1 -1 
72 4 575 186 126 76 -1 -1 -1 -1 
72 5 897 444 158 116 -1 -1 -1 -1 
72 6 655 393 76 108 -1 -1 -1 -1 
73 1 953 101 35 130 -1 -1 -1 -1 
73 2 279 396 147 134 -1 -1 -1 -1 
73 3 994 88 47 136 -1 -1 -1 -1 
73 4 575 186 126 76 -1 -1 -1 -1 
73 5 897 445 158 115 -1 -1 -1 -1 
73 6 655 393 76 108 -1 -1 -1 -1 
74 1 953 101 35 130 -1 -1 -1 -1 
74 2 279 396 147 135 -1 -1 -1 -1 
74 3 994 88 47 136 -1 -1 -1 -1 
74 4 575 186 126 76 -1 -1 -1 -1 
74 5 898 446 157 113 -1 -1 -1 -1 
74 6 655 394 75 107 -1 -1 -1 -1 
75 1 953 101 35 130 -1 -1 -1 -1 
75 2 279 396 147 134 -1 -1 -1 -1 
75 3 994 88 47 136 -1 -1 -1 -1 
75 4 575 186 126 76 -1 -1 -1 -1 
75 5 898 447 157 113 -1 -1 -1 -1 
75 6 655 394 75 107 -1 -1 -1 -1 
76 1 953 101 35 130 -1 -1 -1 -1 
76 2 279 397 147 134 -1 -1 -1 -1 
76 3 994 88 47 136 -1 -1 -1 -1 
76 4 575 186 126 76 -1 -1 -1 -1 
76 5 898 449 157 110 -1 -1 -1 -1 
76 6 654 394 76 107 -1 -1 -1 -1 
77 1 952 100 37 131 -1 -1 -1 -1 
77 2 279 397 147 134 -1 -1 -1 -1 
77 3 994 89 47 135 -1 -1 -1 -1 
77 4 575 186 126 76 -1 -1 -1 -1 
77 5 898 451 156 109 -1 -1 -1 -1 
77 6 654 394 77 107 -1 -1 -1 -1 
78 1 952 100 37 131 -1 -1 -1 -1 
78 2 279 397 148 134 -1 -1 -1 -1 
78 3 994 88 47 136 -1 -1 -1 -1 
78 4 575 186 126 76 -1 -1 -1 -1 
78 5 898 453 156 107 -1 -1 -1 -1 
78 6 654 394 77 108 -1 -1 -1 -1 
79 1 952 100 37 131 -1 -1 -1 -1 
79 2 279 397 148 134 -1 -1 -1 -1 
79 3 994 88 47 136 -1 -1 -1 -1 
79 4 575 186 126 76 -1 -1 -1 -1 
79 5 898 453 156 107 -1 -1 -1 -1 
79 6 654 394 77 108 -1 -1 -1 -1 
80 1 951 100 38 131 -1 -1 -1 -1 
80 2 280 397 147 134 -1 -1 -1 -1 
80 3 993 88 48 136 -1 -1 -1 -1 
80 4 575 186 126 76 -1 -1 -1 -1 
80 5 899 454 154 106 -1 -1 -1 -1 
80 6 653 394 78 108 -1 -1 -1 -1 
81 1 951 100 37 131 -1 -1 -1 -1 
81 2 280 397 146 133 -1 -1 -1 -1 
81 3 994 88 47 136 -1 -1 -1 -1 
81 4 575 186 126 76 -1 -1 -1 -1 
81 5 899 454 154 106 -1 -1 -1 -1 
81 6 653 394 78 108 -1 -1 -1 -1 
82 1 950 100 38 131 -1 -1 -1 -1 
82 2 280 397 146 133 -1 -1 -1 -1 
82 3 994 88 47 136 -1 -1 -1 -1 
82 4 575 186 126 76 -1 -1 -1 -1 
82 5 899 454 155 106 -1 -1 -1 -1 
82 6 653 394 78 108 -1 -1 -1 -1 
83 1 950 101 37 129 -1 -1 -1 -1 
83 2 279 397 147 133 -1 -1 -1 -1 
83 3 994 88 47 136 -1 -1 -1 -1 
83 4 575 186 126 76 -1 -1 -1 -1 
83 5 899 454 155 106 -1 -1 -1 -1 
83 6 653 394 78 108 -1 -1 -1 -1 
84 1 950 100 36 130 -1 -1 -1 -1 
84 2 279 397 147 133 -1 -1 -1 -1 
84 3 994 88 47 136 -1 -1 -1 -1 
84 4 575 186 126 76 -1 -1 -1 -1 
84 5 899 454 155 106 -1 -1 -1 -1 
84 6 652 394 80 108 -1 -1 -1 -1 
85 1 949 100 37 130 -1 -1 -1 -1 
85 2 279 397 147 133 -1 -1 -1 -1 
85 3 994 88 47 136 -1 -1 -1 -1 
85 4 575 186 126 76 -1 -1 -1 -1 
85 5 899 454 154 106 -1 -1 -1 -1 
85 6 652 393 80 109 -1 -1 -1 -1 
86 1 949 100 37 130 -1 -1 -1 -1 
86 2 279 398 147 132 -1 -1 -1 -1 
86 3 994 88 47 136 -1 -1 -1 -1 
86 4 575 186 126 76 -1 -1 -1 -1 
86 5 899 454 154 106 -1 -1 -1 -1 
86 6 652 393 81 109 -1 -1 -1 -1 
87 1 949 100 37 130 -1 -1 -1 -1 
87 2 279 398 147 131 -1 -1 -1 -1 
87 3 995 88 46 136 -1 -1 -1 -1 
87 4 575 186 126 76 -1 -1 -1 -1 
87 5 899 454 155 106 -1 -1 -1 -1 
87 6 652 393 81 109 -1 -1 -1 -1 
88 1 949 100 37 130 -1 -1 -1 -1 
88 2 279 398 147 131 -1 -1 -1 -1 
88 3 995 88 46 136 -1 -1 -1 -1 
88 4 575 186 126 76 -1 -1 -1 -1 
88 5 899 454 155 106 -1 -1 -1 -1 
88 6 652 393 80 109 -1 -1 -1 -1 
89 1 949 100 37 130 -1 -1 -1 -1 
89 2 279 399 147 130 -1 -1 -1 -1 
89 3 995 88 46 136 -1 -1 -1 -1 
89 4 575 186 126 76 -1 -1 -1 -1 
89 5 899 454 155 106 -1 -1 -1 -1 
89 6 652 393 82 109 -1 -1 -1 -1 
90 1 949 100 37 130 -1 -1 -1 -1 
90 2 279 399 147 130 -1 -1 -1 -1 
90 3 994 88 47 136 -1 -1 -1 -1 
90 4 575 186 126 76 -1 -1 -1 -1 
90 5 899 454 155 106 -1 -1 -1 -1 
90 6 652 393 84 109 -1 -1 -1 -1 
91 1 949 100 37 130 -1 -1 -1 -1 
91 2 279 399 147 130 -1 -1 -1 -1 
91 3 994 88 47 136 -1 -1 -1 -1 
91 4 575 186 126 76 -1 -1 -1 -1 
91 5 899 454 155 106 -1 -1 -1 -1 
91 6 652 394 88 109 -1 -1 -1 -1 
92 1 949 99 38 131 -1 -1 -1 -1 
92 2 279 399 147 130 -1 -1 -1 -1 
92 3 994 88 47 136 -1 -1 -1 -1 
92 4 575 186 126 76 -1 -1 -1 -1 
92 5 899 454 155 106 -1 -1 -1 -1 
92 6 652 395 91 108 -1 -1 -1 -1 
93 1 949 100 38 130 -1 -1 -1 -1 
93 2 279 399 147 130 -1 -1 -1 -1 
93 3 994 88 46 136 -1 -1 -1 -1 
93 4 575 186 126 76 -1 -1 -1 -1 
93 5 899 453 155 107 -1 -1 -1 -1 
93 6 652 395 93 109 -1 -1 -1 -1 
94 1 950 100 37 130 -1 -1 -1 -1 
94 2 279 399 147 130 -1 -1 -1 -1 
94 3 994 87 46 137 -1 -1 -1 -1 
94 4 575 187 126 75 -1 -1 -1 -1 
94 5 899 453 155 107 -1 -1 -1 -1 
94 6 652 396 97 108 -1 -1 -1 -1 
95 1 950 100 37 130 -1 -1 -1 -1 
95 2 279 399 147 130 -1 -1 -1 -1 
95 3 994 87 46 137 -1 -1 -1 -1 
95 4 575 187 126 75 -1 -1 -1 -1 
95 5 899 453 155 108 -1 -1 -1 -1 
95 6 652 397 101 107 -1 -1 -1 -1 
96 1 950 99 37 131 -1 -1 -1 -1 
96 2 279 399 147 130 -1 -1 -1 -1 
96 3 995 87 45 137 -1 -1 -1 -1 
96 4 575 187 126 75 -1 -1 -1 -1 
96 5 899 453 155 107 -1 -1 -1 -1 
96 6 652 399 102 105 -1 -1 -1 -1 
97 1 950 100 38 130 -1 -1 -1 -1 
97 2 279 399 147 130 -1 -1 -1 -1 
97 3 995 87 45 137 -1 -1 -1 -1 
97 4 575 186 126 76 -1 -1 -1 -1 
97 5 898 453 156 107 -1 -1 -1 -1 
97 6 652 399 100 105 -1 -1 -1 -1 
98 1 950 99 38 131 -1 -1 -1 -1 
98 2 279 399 148 130 -1 -1 -1 -1 
98 3 995 86 44 138 -1 -1 -1 -1 
98 4 575 186 126 76 -1 -1 -1 -1 
98 5 898 453 156 107 -1 -1 -1 -1 
98 6 652 399 100 105 -1 -1 -1 -1 
99 1 950 99 38 131 -1 -1 -1 -1 
99 2 279 399 148 130 -1 -1 -1 -1 
99 3 995 86 44 138 -1 -1 -1 -1 
99 4 575 186 126 76 -1 -1 -1 -1 
99 5 898 453 157 107 -1 -1 -1 -1 
99 6 652 399 101 105 -1 -1 -1 -1 
100 1 950 99 38 131 -1 -1 -1 -1 
100 2 278 399 149 130 -1 -1 -1 -1 
100 3 995 86 43 138 -1 -1 -1 -1 
100 4 575 186 126 76 -1 -1 -1 -1 
100 5 898 453 157 107 -1 -1 -1 -1 
100 6 653 399 100 105 -1 -1 -1 -1 
100 9 959 151 12 21 -1 -1 -1 -1 
100 10 955 123 23 80 -1 -1 -1 -1 
101 1 950 99 38 131 -1 -1 -1 -1 
101 2 278 399 149 130 -1 -1 -1 -1 
101 3 995 86 43 138 -1 -1 -1 -1 
101 4 575 186 126 76 -1 -1 -1 -1 
101 5 898 453 156 108 -1 -1 -1 -1 
101 6 653 399 100 105 -1 -1 -1 -1 
101 9 959 151 12 21 -1 -1 -1 -1 
101 10 954 119 25 88 -1 -1 -1 -1 
102 1 951 99 37 131 -1 -1 -1 -1 
102 2 278 399 150 131 -1 -1 -1 -1 
102 3 996 86 41 139 -1 -1 -1 -1 
102 4 575 187 126 75 -1 -1 -1 -1 
102 5 898 453 156 107 -1 -1 -1 -1 
102 6 653 398 100 106 -1 -1 -1 -1 
102 9 958 151 13 24 -1 -1 -1 -1 
102 10 954 119 25 88 -1 -1 -1 -1 
103 1 951 99 37 131 -1 -1 -1 -1 
103 2 278 399 150 131 -1 -1 -1 -1 
103 3 996 86 41 138 -1 -1 -1 -1 
103 4 575 187 126 75 -1 -1 -1 -1 
103 5 898 453 156 107 -1 -1 -1 -1 
103 6 653 398 100 106 -1 -1 -1 -1 
103 9 958 151 13 24 -1 -1 -1 -1 
104 1 951 99 37 131 -1 -1 -1 -1 
104 2 278 399 150 131 -1 -1 -1 -1 
104 3 995 85 41 140 -1 -1 -1 -1 
104 4 575 187 126 75 -1 -1 -1 -1 
104 5 898 453 156 107 -1 -1 -1 -1 
104 6 652 398 101 105 -1 -1 -1 -1 
105 1 950 99 38 131 -1 -1 -1 -1 
105 2 278 399 150 131 -1 -1 -1 -1 
105 3 995 84 41 141 -1 -1 -1 -1 
105 4 575 187 126 75 -1 -1 -1 -1 
105 5 898 453 156 107 -1 -1 -1 -1 
105 6 652 398 101 105 -1 -1 -1 -1 
106 1 950 98 38 132 -1 -1 -1 -1 
106 2 278 399 150 131 -1 -1 -1 -1 
106 3 995 85 40 140 -1 -1 -1 -1 
106 4 575 187 126 75 -1 -1 -1 -1 
106 5 898 453 156 107 -1 -1 -1 -1 
106 6 652 398 100 105 -1 -1 -1 -1 
107 1 950 98 38 132 -1 -1 -1 -1 
107 2 278 400 150 130 -1 -1 -1 -1 
107 3 994 84 41 141 -1 -1 -1 -1 
107 4 575 187 126 75 -1 -1 -1 -1 
107 5 898 453 156 107 -1 -1 -1 -1 
107 6 653 398 99 105 -1 -1 -1 -1 
108 1 950 98 37 132 -1 -1 -1 -1 
108 2 278 400 150 130 -1 -1 -1 -1 
108 3 993 85 41 140 -1 -1 -1 -1 
108 4 575 187 126 75 -1 -1 -1 -1 
108 5 898 453 156 107 -1 -1 -1 -1 
108 6 653 399 99 104 -1 -1 -1 -1 
109 1 950 98 37 132 -1 -1 -1 -1 
109 2 278 400 151 130 -1 -1 -1 -1 
109 3 992 87 41 135 -1 -1 -1 -1 
109 4 575 187 126 75 -1 -1 -1 -1 
109 5 898 453 156 107 -1 -1 -1 -1 
109 6 653 399 99 104 -1 -1 -1 -1 
110 1 950 98 37 132 -1 -1 -1 -1 
110 2 278 400 151 130 -1 -1 -1 -1 
110 3 992 87 40 135 -1 -1 -1 -1 
110 4 575 187 126 75 -1 -1 -1 -1 
110 5 898 453 156 107 -1 -1 -1 -1 
110 6 653 400 99 103 -1 -1 -1 -1 
111 1 950 98 37 132 -1 -1 -1 -1 
111 2 278 401 151 129 -1 -1 -1 -1 
111 3 991 87 41 135 -1 -1 -1 -1 
111 4 575 187 126 75 -1 -1 -1 -1 
111 5 898 453 156 107 -1 -1 -1 -1 
111 6 653 399 99 104 -1 -1 -1 -1 
112 1 950 99 37 131 -1 -1 -1 -1 
112 2 277 402 152 128 -1 -1 -1 -1 
112 3 991 87 41 135 -1 -1 -1 -1 
112 4 575 187 126 75 -1 -1 -1 -1 
112 5 898 453 156 107 -1 -1 -1 -1 
112 6 653 399 99 105 -1 -1 -1 -1 
113 1 950 99 37 131 -1 -1 -1 -1 
113 2 276 402 153 128 -1 -1 -1 -1 
113 3 991 87 41 135 -1 -1 -1 -1 
113 4 575 187 126 75 -1 -1 -1 -1 
113 5 898 453 156 107 -1 -1 -1 -1 
113 6 652 399 100 105 -1 -1 -1 -1 
114 1 950 99 36 131 -1 -1 -1 -1 
114 2 274 402 155 128 -1 -1 -1 -1 
114 3 991 87 40 135 -1 -1 -1 -1 
114 4 575 187 126 76 -1 -1 -1 -1 
114 5 898 453 156 107 -1 -1 -1 -1 
114 6 652 399 100 105 -1 -1 -1 -1 
115 1 950 99 36 131 -1 -1 -1 -1 
115 2 273 402 156 128 -1 -1 -1 -1 
115 3 990 87 41 135 -1 -1 -1 -1 
115 4 575 187 126 76 -1 -1 -1 -1 
115 5 898 453 156 107 -1 -1 -1 -1 
115 6 652 399 100 105 -1 -1 -1 -1 
116 1 950 99 36 130 -1 -1 -1 -1 
116 2 273 401 156 129 -1 -1 -1 -1 
116 3 991 87 40 135 -1 -1 -1 -1 
116 4 575 187 126 76 -1 -1 -1 -1 
116 5 898 453 156 107 -1 -1 -1 -1 
116 6 652 400 100 104 -1 -1 -1 -1 
116 9 956 150 12 20 -1 -1 -1 -1 
116 11 952 112 28 103 -1 -1 -1 -1 
117 1 951 99 35 128 -1 -1 -1 -1 
117 2 272 402 159 126 -1 -1 -1 -1 
117 3 991 87 40 135 -1 -1 -1 -1 
117 4 575 187 126 75 -1 -1 -1 -1 
117 5 898 453 157 107 -1 -1 -1 -1 
117 6 652 400 100 104 -1 -1 -1 -1 
117 9 955 150 12 20 -1 -1 -1 -1 
117 11 953 121 24 83 -1 -1 -1 -1 
118 1 950 99 36 128 -1 -1 -1 -1 
118 2 270 402 163 127 -1 -1 -1 -1 
118 3 991 87 40 135 -1 -1 -1 -1 
118 4 575 187 126 75 -1 -1 -1 -1 
118 5 898 453 157 107 -1 -1 -1 -1 
118 6 652 400 99 104 -1 -1 -1 -1 
118 9 954 150 11 20 -1 -1 -1 -1 
118 11 952 118 25 90 -1 -1 -1 -1 
119 1 951 99 36 129 -1 -1 -1 -1 
119 2 270 403 163 125 -1 -1 -1 -1 
119 3 990 87 41 135 -1 -1 -1 -1 
119 4 575 187 126 76 -1 -1 -1 -1 
119 5 898 453 157 107 -1 -1 -1 -1 
119 6 652 400 99 104 -1 -1 -1 -1 
119 9 953 149 13 23 -1 -1 -1 -1 
120 1 951 99 36 130 -1 -1 -1 -1 
120 2 270 403 162 125 -1 -1 -1 -1 
120 3 990 87 41 135 -1 -1 -1 -1 
120 4 575 187 126 76 -1 -1 -1 -1 
120 5 898 453 156 107 -1 -1 -1 -1 
120 6 652 400 100 104 -1 -1 -1 -1 
120 9 952 150 12 22 -1 -1 -1 -1 
120 11 953 135 18 55 -1 -1 -1 -1 
121 1 950 98 37 131 -1 -1 -1 -1 
121 2 270 403 161 125 -1 -1 -1 -1 
121 3 990 87 42 135 -1 -1 -1 -1 
121 4 575 187 126 76 -1 -1 -1 -1 
121 5 898 453 156 107 -1 -1 -1 -1 
121 6 652 400 99 104 -1 -1 -1 -1 
121 9 952 150 12 23 -1 -1 -1 -1 
121 11 952 143 15 38 -1 -1 -1 -1 
122 1 950 98 36 132 -1 -1 -1 -1 
122 2 270 404 160 124 -1 -1 -1 -1 
122 3 990 86 42 136 -1 -1 -1 -1 
122 4 575 187 126 76 -1 -1 -1 -1 
122 5 898 453 157 107 -1 -1 -1 -1 
122 6 652 400 100 104 -1 -1 -1 -1 
122 9 951 150 13 23 -1 -1 -1 -1 
123 1 950 98 36 132 -1 -1 -1 -1 
123 2 272 407 156 121 -1 -1 -1 -1 
123 3 990 87 42 135 -1 -1 -1 -1 
123 4 575 187 126 75 -1 -1 -1 -1 
123 5 898 453 157 107 -1 -1 -1 -1 
123 6 652 400 100 104 -1 -1 -1 -1 
123 9 950 150 13 24 -1 -1 -1 -1 
124 1 949 99 36 132 -1 -1 -1 -1 
124 2 272 407 155 121 -1 -1 -1 -1 
124 3 990 87 43 135 -1 -1 -1 -1 
124 4 575 187 127 75 -1 -1 -1 -1 
124 5 898 453 157 107 -1 -1 -1 -1 
124 6 652 400 100 104 -1 -1 -1 -1 
124 9 949 151 13 23 -1 -1 -1 -1 
125 1 949 100 35 131 -1 -1 -1 -1 
125 2 271 408 155 120 -1 -1 -1 -1 
125 3 990 87 43 135 -1 -1 -1 -1 
125 4 575 186 126 76 -1 -1 -1 -1 
125 5 898 453 157 107 -1 -1 -1 -1 
125 6 652 400 100 104 -1 -1 -1 -1 
125 9 948 151 13 24 -1 -1 -1 -1 
126 1 948 101 36 130 -1 -1 -1 -1 
126 2 271 408 155 120 -1 -1 -1 -1 
126 3 991 87 42 135 -1 -1 -1 -1 
126 4 575 187 126 76 -1 -1 -1 -1 
126 5 898 453 157 107 -1 -1 -1 -1 
126 6 652 400 100 104 -1 -1 -1 -1 
126 9 948 153 11 22 -1 -1 -1 -1 
127 1 948 103 36 128 -1 -1 -1 -1 
127 2 271 408 155 120 -1 -1 -1 -1 
127 3 990 87 43 135 -1 -1 -1 -1 
127 4 575 186 126 77 -1 -1 -1 -1 
127 5 898 453 157 107 -1 -1 -1 -1 
127 6 652 400 100 104 -1 -1 -1 -1 
127 9 947 153 12 22 -1 -1 -1 -1 
127 10 950 140 18 53 -1 -1 -1 -1 
128 1 947 104 37 127 -1 -1 -1 -1 
128 2 271 408 153 120 -1 -1 -1 -1 
128 3 991 87 42 135 -1 -1 -1 -1 
128 4 575 186 126 77 -1 -1 -1 -1 
128 5 898 454 157 106 -1 -1 -1 -1 
128 6 652 400 100 104 -1 -1 -1 -1 
128 9 946 155 12 21 -1 -1 -1 -1 
128 10 949 133 21 69 -1 -1 -1 -1 
129 1 947 106 38 126 -1 -1 -1 -1 
129 2 271 409 153 119 -1 -1 -1 -1 
129 3 990 87 43 135 -1 -1 -1 -1 
129 4 575 186 126 76 -1 -1 -1 -1 
129 5 898 454 157 106 -1 -1 -1 -1 
129 6 652 400 100 104 -1 -1 -1 -1 
129 9 946 156 12 21 -1 -1 -1 -1 
129 10 948 132 23 74 -1 -1 -1 -1 
130 1 947 106 38 126 -1 -1 -1 -1 
130 2 271 409 153 119 -1 -1 -1 -1 
130 3 990 88 43 134 -1 -1 -1 -1 
130 4 575 186 126 76 -1 -1 -1 -1 
130 5 898 454 156 106 -1 -1 -1 -1 
130 6 652 400 100 104 -1 -1 -1 -1 
130 9 946 157 11 21 -1 -1 -1 -1 
131 1 947 108 38 125 -1 -1 -1 -1 
131 2 270 410 155 119 -1 -1 -1 -1 
131 3 989 87 44 135 -1 -1 -1 -1 
131 4 575 186 126 76 -1 -1 -1 -1 
131 5 898 454 157 106 -1 -1 -1 -1 
131 6 652 399 101 105 -1 -1 -1 -1 
131 9 945 157 12 21 -1 -1 -1 -1 
132 1 947 110 40 121 -1 -1 -1 -1 
132 2 271 410 154 118 -1 -1 -1 -1 
132 3 989 87 44 135 -1 -1 -1 -1 
132 4 575 186 126 76 -1 -1 -1 -1 
132 5 899 454 155 106 -1 -1 -1 -1 
132 6 652 399 100 105 -1 -1 -1 -1 
132 9 946 158 11 21 -1 -1 -1 -1 
133 1 947 113 41 117 -1 -1 -1 -1 
133 2 270 411 155 117 -1 -1 -1 -1 
133 3 988 87 45 135 -1 -1 -1 -1 
133 4 575 186 126 76 -1 -1 -1 -1 
133 5 899 454 155 106 -1 -1 -1 -1 
133 6 652 399 100 105 -1 -1 -1 -1 
133 9 946 160 10 20 -1 -1 -1 -1 
134 1 947 118 40 113 -1 -1 -1 -1 
134 2 270 411 156 118 -1 -1 -1 -1 
134 3 988 87 45 135 -1 -1 -1 -1 
134 4 575 186 126 76 -1 -1 -1 -1 
134 5 899 454 156 106 -1 -1 -1 -1 
134 6 652 399 100 105 -1 -1 -1 -1 
134 9 945 161 11 20 -1 -1 -1 -1 
135 1 945 119 45 112 -1 -1 -1 -1 
135 2 270 411 156 117 -1 -1 -1 -1 
135 3 988 87 45 135 -1 -1 -1 -1 
135 4 575 186 126 76 -1 -1 -1 -1 
135 5 899 454 156 106 -1 -1 -1 -1 
135 6 652 399 100 105 -1 -1 -1 -1 
135 9 945 162 12 20 -1 -1 -1 -1 
136 1 944 126 46 106 -1 -1 -1 -1 
136 2 269 412 158 116 -1 -1 -1 -1 
136 3 987 86 47 140 -1 -1 -1 -1 
136 4 575 186 126 76 -1 -1 -1 -1 
136 5 899 454 156 106 -1 -1 -1 -1 
136 6 652 399 101 105 -1 -1 -1 -1 
137 1 944 128 47 104 -1 -1 -1 -1 
137 2 269 412 158 116 -1 -1 -1 -1 
137 3 986 85 48 141 -1 -1 -1 -1 
137 4 575 186 126 76 -1 -1 -1 -1 
137 5 899 454 156 106 -1 -1 -1 -1 
137 6 651 399 102 105 -1 -1 -1 -1 
138 1 944 131 47 102 -1 -1 -1 -1 
138 2 269 412 158 116 -1 -1 -1 -1 
138 3 987 86 47 140 -1 -1 -1 -1 
138 4 575 186 126 76 -1 -1 -1 -1 
138 5 899 454 156 106 -1 -1 -1 -1 
138 6 651 399 101 105 -1 -1 -1 -1 
139 1 944 131 48 103 -1 -1 -1 -1 
139 2 270 412 157 116 -1 -1 -1 -1 
139 3 986 86 48 140 -1 -1 -1 -1 
139 4 575 186 126 76 -1 -1 -1 -1 
139 5 899 454 156 106 -1 -1 -1 -1 
139 6 651 399 101 105 -1 -1 -1 -1 
140 1 945 133 48 101 -1 -1 -1 -1 
140 2 270 412 157 116 -1 -1 -1 -1 
140 3 986 86 48 140 -1 -1 -1 -1 
140 4 575 186 126 76 -1 -1 -1 -1 
140 5 899 454 156 106 -1 -1 -1 -1 
140 6 651 399 101 105 -1 -1 -1 -1 
141 1 945 134 48 100 -1 -1 -1 -1 
141 2 270 412 157 116 -1 -1 -1 -1 
141 3 987 87 47 137 -1 -1 -1 -1 
141 4 575 186 126 76 -1 -1 -1 -1 
141 5 899 454 156 106 -1 -1 -1 -1 
141 6 651 399 101 105 -1 -1 -1 -1 
142 1 945 137 49 97 -1 -1 -1 -1 
142 2 270 412 157 116 -1 -1 -1 -1 
142 3 987 87 47 136 -1 -1 -1 -1 
142 4 575 186 126 76 -1 -1 -1 -1 
142 5 899 454 156 106 -1 -1 -1 -1 
142 6 651 399 101 105 -1 -1 -1 -1 
143 1 941 139 51 96 -1 -1 -1 -1 
143 2 270 412 157 116 -1 -1 -1 -1 
143 3 986 86 48 137 -1 -1 -1 -1 
143 4 575 186 126 76 -1 -1 -1 -1 
143 5 899 454 156 106 -1 -1 -1 -1 
143 6 651 399 101 105 -1 -1 -1 -1 
144 1 937 138 55 99 -1 -1 -1 -1 
144 2 270 412 157 116 -1 -1 -1 -1 
144 3 985 86 49 137 -1 -1 -1 -1 
144 4 575 186 126 76 -1 -1 -1 -1 
144 5 899 454 156 106 -1 -1 -1 -1 
144 6 651 399 102 105 -1 -1 -1 -1 
145 1 939 136 54 103 -1 -1 -1 -1 
145 2 270 412 157 116 -1 -1 -1 -1 
145 3 985 86 49 138 -1 -1 -1 -1 
145 4 575 186 126 76 -1 -1 -1 -1 
145 5 899 454 156 106 -1 -1 -1 -1 
145 6 651 399 102 105 -1 -1 -1 -1 
146 1 940 138 51 105 -1 -1 -1 -1 
146 2 271 412 156 116 -1 -1 -1 -1 
146 3 984 86 50 138 -1 -1 -1 -1 
146 4 575 185 126 77 -1 -1 -1 -1 
146 5 899 454 156 106 -1 -1 -1 -1 
146 6 651 399 102 105 -1 -1 -1 -1 
147 1 945 140 44 102 -1 -1 -1 -1 
147 2 271 412 156 116 -1 -1 -1 -1 
147 3 986 86 48 137 -1 -1 -1 -1 
147 4 575 186 126 76 -1 -1 -1 -1 
147 5 899 454 156 106 -1 -1 -1 -1 
147 6 651 399 102 105 -1 -1 -1 -1 
147 9 947 179 13 23 -1 -1 -1 -1 
148 1 945 140 45 103 -1 -1 -1 -1 
148 2 271 412 156 116 -1 -1 -1 -1 
148 3 985 86 49 137 -1 -1 -1 -1 
148 4 575 186 126 76 -1 -1 -1 -1 
148 5 899 454 156 106 -1 -1 -1 -1 
148 6 651 399 102 105 -1 -1 -1 -1 
148 9 947 183 13 21 -1 -1 -1 -1 
148 10 947 163 21 59 -1 -1 -1 -1 
149 1 946 139 50 105 -1 -1 -1 -1 
149 2 271 412 155 116 -1 -1 -1 -1 
149 3 986 87 48 136 -1 -1 -1 -1 
149 4 575 186 126 76 -1 -1 -1 -1 
149 5 899 454 156 106 -1 -1 -1 -1 
149 6 652 399 101 105 -1 -1 -1 -1 
149 9 950 182 15 24 -1 -1 -1 -1 
149 10 949 172 21 44 -1 -1 -1 -1 
150 1 947 141 47 103 -1 -1 -1 -1 
150 2 271 412 155 116 -1 -1 -1 -1 
150 3 986 87 47 135 -1 -1 -1 -1 
150 4 575 186 126 76 -1 -1 -1 -1 
150 5 899 454 156 106 -1 -1 -1 -1 
150 6 652 399 101 105 -1 -1 -1 -1 
150 9 954 184 16 25 -1 -1 -1 -1 
150 10 949 157 27 75 -1 -1 -1 -1 
151 1 948 142 45 104 -1 -1 -1 -1 
151 2 271 412 155 116 -1 -1 -1 -1 
151 3 986 88 48 135 -1 -1 -1 -1 
151 4 575 186 126 76 -1 -1 -1 -1 
151 5 899 454 156 106 -1 -1 -1 -1 
151 6 652 399 101 105 -1 -1 -1 -1 
151 9 955 188 14 24 -1 -1 -1 -1 
151 10 951 155 29 82 -1 -1 -1 -1 
152 1 949 143 48 104 -1 -1 -1 -1 
152 2 271 412 155 116 -1 -1 -1 -1 
152 3 987 88 46 133 -1 -1 -1 -1 
152 4 575 186 126 76 -1 -1 -1 -1 
152 5 899 454 156 106 -1 -1 -1 -1 
152 6 652 399 101 105 -1 -1 -1 -1 
153 1 948 140 51 109 -1 -1 -1 -1 
153 2 271 413 155 115 -1 -1 -1 -1 
153 3 987 88 46 133 -1 -1 -1 -1 
153 4 575 186 126 76 -1 -1 -1 -1 
153 5 899 454 156 106 -1 -1 -1 -1 
153 6 652 399 101 105 -1 -1 -1 -1 
154 1 948 139 52 112 -1 -1 -1 -1 
154 2 271 413 155 115 -1 -1 -1 -1 
154 3 989 87 44 138 -1 -1 -1 -1 
154 4 575 186 126 76 -1 -1 -1 -1 
154 5 899 454 156 106 -1 -1 -1 -1 
154 6 652 399 100 105 -1 -1 -1 -1 
155 1 945 138 57 113 -1 -1 -1 -1 
155 2 271 413 155 115 -1 -1 -1 -1 
155 3 988 88 46 135 -1 -1 -1 -1 
155 4 575 186 126 76 -1 -1 -1 -1 
155 5 899 454 156 106 -1 -1 -1 -1 
155 6 652 399 100 105 -1 -1 -1 -1 
156 1 946 131 58 120 -1 -1 -1 -1 
156 2 271 413 155 115 -1 -1 -1 -1 
156 3 989 88 45 135 -1 -1 -1 -1 
156 4 575 186 126 76 -1 -1 -1 -1 
156 5 899 454 156 106 -1 -1 -1 -1 
156 6 651 399 102 105 -1 -1 -1 -1 
156 9 984 187 14 27 -1 -1 -1 -1 
157 1 949 129 58 123 -1 -1 -1 -1 
157 2 271 414 156 114 -1 -1 -1 -1 
157 3 991 88 44 134 -1 -1 -1 -1 
157 4 575 185 126 77 -1 -1 -1 -1 
157 5 899 454 156 106 -1 -1 -1 -1 
157 6 652 399 101 106 -1 -1 -1 -1 
157 9 996 185 13 24 -1 -1 -1 -1 
158 1 955 128 53 124 -1 -1 -1 -1 
158 2 271 414 156 114 -1 -1 -1 -1 
158 3 991 88 44 136 -1 -1 -1 -1 
158 4 575 186 126 76 -1 -1 -1 -1 
158 5 898 454 157 106 -1 -1 -1 -1 
158 6 651 399 103 105 -1 -1 -1 -1 
159 1 959 126 51 128 -1 -1 -1 -1 
159 2 271 414 156 114 -1 -1 -1 -1 
159 3 993 88 42 134 -1 -1 -1 -1 
159 4 575 186 126 76 -1 -1 -1 -1 
159 5 898 454 157 106 -1 -1 -1 -1 
159 6 651 399 103 105 -1 -1 -1 -1 
160 1 965 126 50 128 -1 -1 -1 -1 
160 2 271 414 155 114 -1 -1 -1 -1 
160 3 993 88 42 135 -1 -1 -1 -1 
160 4 575 186 126 76 -1 -1 -1 -1 
160 5 899 454 156 106 -1 -1 -1 -1 
160 6 651 399 102 105 -1 -1 -1 -1 
161 1 967 125 55 132 -1 -1 -1 -1 
161 2 271 414 156 114 -1 -1 -1 -1 
161 3 993 89 43 137 -1 -1 -1 -1 
161 4 575 186 126 76 -1 -1 -1 -1 
161 5 898 454 157 106 -1 -1 -1 -1 
161 6 651 399 102 105 -1 -1 -1 -1 
162 1 966 128 57 136 -1 -1 -1 -1 
162 2 271 414 156 114 -1 -1 -1 -1 
162 3 994 89 43 141 -1 -1 -1 -1 
162 4 575 185 125 77 -1 -1 -1 -1 
162 5 898 453 158 107 -1 -1 -1 -1 
162 6 650 398 104 107 -1 -1 -1 -1 
163 1 968 132 60 131 -1 -1 -1 -1 
163 2 271 414 156 114 -1 -1 -1 -1 
163 3 994 89 43 141 -1 -1 -1 -1 
163 4 575 185 126 77 -1 -1 -1 -1 
163 5 898 453 158 107 -1 -1 -1 -1 
164 1 965 143 65 123 -1 -1 -1 -1 
164 2 270 414 157 114 -1 -1 -1 -1 
164 3 995 87 45 153 -1 -1 -1 -1 
164 4 575 185 126 77 -1 -1 -1 -1 
164 5 898 453 159 108 -1 -1 -1 -1 
164 6 650 398 105 107 -1 -1 -1 -1 
165 1 963 148 70 120 -1 -1 -1 -1 
165 2 270 414 157 114 -1 -1 -1 -1 
165 3 995 87 45 153 -1 -1 -1 -1 
165 4 575 185 126 77 -1 -1 -1 -1 
165 5 898 453 159 107 -1 -1 -1 -1 
166 1 965 158 69 112 -1 -1 -1 -1 
166 2 270 414 157 114 -1 -1 -1 -1 
166 3 994 85 46 158 -1 -1 -1 -1 
166 4 575 185 126 77 -1 -1 -1 -1 
166 5 898 453 159 107 -1 -1 -1 -1 
166 6 651 398 105 107 -1 -1 -1 -1 
