4 1 949 99 37 129 -1 -1 -1 -1 
4 2 273 403 155 126 -1 -1 -1 -1 
4 3 993 90 55 131 -1 -1 -1 -1 
4 4 575 186 126 76 -1 -1 -1 -1 
4 5 890 446 165 110 -1 -1 -1 -1 
4 6 652 394 88 108 -1 -1 -1 -1 
5 1 950 99 36 129 -1 -1 -1 -1 
5 2 273 403 154 126 -1 -1 -1 -1 
5 3 994 89 53 132 -1 -1 -1 -1 
5 4 575 186 126 76 -1 -1 -1 -1 
5 5 889 446 165 110 -1 -1 -1 -1 
5 6 652 393 88 109 -1 -1 -1 -1 
6 1 949 99 37 129 -1 -1 -1 -1 
6 2 273 403 154 126 -1 -1 -1 -1 
6 3 994 89 53 133 -1 -1 -1 -1 
6 4 575 186 126 76 -1 -1 -1 -1 
6 5 889 444 165 111 -1 -1 -1 -1 
6 6 652 393 88 109 -1 -1 -1 -1 
