4 1 345 187 91 84 -1 -1 -1 -1 
4 2 775 181 138 78 -1 -1 -1 -1 
4 3 563 408 77 194 -1 -1 -1 -1 
4 4 557 215 145 60 -1 -1 -1 -1 
5 1 345 187 91 84 -1 -1 -1 -1 
5 2 775 181 138 77 -1 -1 -1 -1 
5 3 565 407 84 196 -1 -1 -1 -1 
5 4 557 215 145 60 -1 -1 -1 -1 
6 1 345 187 91 84 -1 -1 -1 -1 
6 2 775 181 138 77 -1 -1 -1 -1 
6 3 565 406 91 199 -1 -1 -1 -1 
6 4 557 215 145 61 -1 -1 -1 -1 
7 1 345 187 91 84 -1 -1 -1 -1 
7 2 775 181 138 77 -1 -1 -1 -1 
7 3 566 407 98 200 -1 -1 -1 -1 
7 4 557 215 145 61 -1 -1 -1 -1 
8 1 345 187 92 84 -1 -1 -1 -1 
8 2 775 181 138 77 -1 -1 -1 -1 
8 3 570 406 98 201 -1 -1 -1 -1 
8 4 557 216 145 60 -1 -1 -1 -1 
9 1 345 187 91 84 -1 -1 -1 -1 
9 2 775 183 139 75 -1 -1 -1 -1 
9 3 573 408 97 199 -1 -1 -1 -1 
9 4 557 216 145 60 -1 -1 -1 -1 
10 1 345 187 91 83 -1 -1 -1 -1 
10 2 775 183 139 75 -1 -1 -1 -1 
10 3 578 408 100 200 -1 -1 -1 -1 
10 4 557 215 145 61 -1 -1 -1 -1 
11 1 345 187 91 83 -1 -1 -1 -1 
11 2 775 183 139 75 -1 -1 -1 -1 
11 3 586 409 95 198 -1 -1 -1 -1 
11 4 557 215 145 60 -1 -1 -1 -1 
12 1 345 187 91 83 -1 -1 -1 -1 
12 2 775 181 138 77 -1 -1 -1 -1 
12 3 598 410 84 197 -1 -1 -1 -1 
12 4 557 215 145 61 -1 -1 -1 -1 
13 1 345 188 91 82 -1 -1 -1 -1 
13 2 775 181 138 77 -1 -1 -1 -1 
13 3 606 410 78 197 -1 -1 -1 -1 
13 4 557 215 145 61 -1 -1 -1 -1 
14 1 345 188 91 82 -1 -1 -1 -1 
14 2 776 181 137 77 -1 -1 -1 -1 
14 3 614 410 72 197 -1 -1 -1 -1 
14 4 557 215 146 61 -1 -1 -1 -1 
15 1 345 188 91 82 -1 -1 -1 -1 
15 2 778 181 135 78 -1 -1 -1 -1 
15 3 620 411 67 194 -1 -1 -1 -1 
15 4 557 215 146 61 -1 -1 -1 -1 
16 1 345 188 91 82 -1 -1 -1 -1 
16 2 779 181 134 78 -1 -1 -1 -1 
16 3 627 412 65 196 -1 -1 -1 -1 
16 4 557 215 146 61 -1 -1 -1 -1 
17 1 345 188 91 83 -1 -1 -1 -1 
17 2 779 181 134 78 -1 -1 -1 -1 
17 3 632 407 63 201 -1 -1 -1 -1 
17 4 557 215 146 61 -1 -1 -1 -1 
18 1 345 188 91 83 -1 -1 -1 -1 
18 2 778 181 134 78 -1 -1 -1 -1 
18 3 636 409 65 201 -1 -1 -1 -1 
18 4 557 215 146 61 -1 -1 -1 -1 
19 1 345 187 91 84 -1 -1 -1 -1 
19 2 778 180 134 79 -1 -1 -1 -1 
19 3 639 408 68 202 -1 -1 -1 -1 
19 4 557 216 146 60 -1 -1 -1 -1 
20 1 345 187 91 84 -1 -1 -1 -1 
20 2 777 181 134 77 -1 -1 -1 -1 
20 3 642 408 71 201 -1 -1 -1 -1 
20 4 557 216 146 60 -1 -1 -1 -1 
21 1 345 187 91 84 -1 -1 -1 -1 
21 2 779 181 128 77 -1 -1 -1 -1 
21 3 645 408 73 203 -1 -1 -1 -1 
21 4 557 216 146 60 -1 -1 -1 -1 
22 1 345 188 91 83 -1 -1 -1 -1 
22 2 776 181 133 77 -1 -1 -1 -1 
22 3 645 409 82 207 -1 -1 -1 -1 
22 4 557 216 146 60 -1 -1 -1 -1 
23 1 345 188 91 82 -1 -1 -1 -1 
23 2 778 181 129 77 -1 -1 -1 -1 
23 3 645 410 87 208 -1 -1 -1 -1 
23 4 557 216 147 60 -1 -1 -1 -1 
24 1 345 188 91 83 -1 -1 -1 -1 
24 2 778 181 129 77 -1 -1 -1 -1 
24 3 655 412 83 203 -1 -1 -1 -1 
24 4 557 216 147 59 -1 -1 -1 -1 
25 1 345 188 91 83 -1 -1 -1 -1 
25 2 778 180 128 78 -1 -1 -1 -1 
25 3 663 413 80 202 -1 -1 -1 -1 
25 4 557 216 147 59 -1 -1 -1 -1 
26 1 345 187 91 84 -1 -1 -1 -1 
26 2 778 180 127 78 -1 -1 -1 -1 
26 3 673 418 74 198 -1 -1 -1 -1 
26 4 557 216 147 59 -1 -1 -1 -1 
27 1 345 187 91 84 -1 -1 -1 -1 
27 2 778 180 126 78 -1 -1 -1 -1 
27 3 678 420 74 196 -1 -1 -1 -1 
27 4 557 216 146 59 -1 -1 -1 -1 
28 1 345 187 91 84 -1 -1 -1 -1 
28 2 777 180 126 78 -1 -1 -1 -1 
28 3 679 423 80 191 -1 -1 -1 -1 
28 4 557 216 146 59 -1 -1 -1 -1 
29 1 345 187 91 84 -1 -1 -1 -1 
29 2 775 180 126 78 -1 -1 -1 -1 
29 3 683 422 80 193 -1 -1 -1 -1 
29 4 557 216 146 59 -1 -1 -1 -1 
30 1 345 187 91 84 -1 -1 -1 -1 
30 2 775 180 125 78 -1 -1 -1 -1 
30 3 690 420 80 197 -1 -1 -1 -1 
30 4 557 216 146 59 -1 -1 -1 -1 
31 1 345 187 91 83 -1 -1 -1 -1 
31 2 775 180 125 78 -1 -1 -1 -1 
31 3 695 418 79 202 -1 -1 -1 -1 
31 4 557 216 146 59 -1 -1 -1 -1 
32 1 344 187 92 83 -1 -1 -1 -1 
32 2 775 180 124 78 -1 -1 -1 -1 
32 3 698 416 81 202 -1 -1 -1 -1 
32 4 557 216 146 59 -1 -1 -1 -1 
33 1 344 187 92 83 -1 -1 -1 -1 
33 2 775 180 124 78 -1 -1 -1 -1 
33 3 700 414 82 201 -1 -1 -1 -1 
33 4 557 216 147 59 -1 -1 -1 -1 
34 1 343 187 93 83 -1 -1 -1 -1 
34 2 775 180 124 78 -1 -1 -1 -1 
34 3 704 414 83 199 -1 -1 -1 -1 
34 4 557 216 146 60 -1 -1 -1 -1 
35 1 343 187 93 83 -1 -1 -1 -1 
35 2 775 181 123 77 -1 -1 -1 -1 
35 3 700 412 98 199 -1 -1 -1 -1 
35 4 557 216 147 59 -1 -1 -1 -1 
36 1 340 187 95 83 -1 -1 -1 -1 
36 2 775 181 124 77 -1 -1 -1 -1 
36 3 696 411 111 198 -1 -1 -1 -1 
36 4 557 216 146 59 -1 -1 -1 -1 
37 1 338 187 97 83 -1 -1 -1 -1 
37 2 775 181 125 77 -1 -1 -1 -1 
37 3 718 409 92 200 -1 -1 -1 -1 
37 4 557 216 146 59 -1 -1 -1 -1 
38 1 337 188 98 82 -1 -1 -1 -1 
38 2 777 181 124 77 -1 -1 -1 -1 
38 3 718 409 93 202 -1 -1 -1 -1 
38 4 557 216 146 60 -1 -1 -1 -1 
39 1 338 188 97 82 -1 -1 -1 -1 
39 2 777 181 125 77 -1 -1 -1 -1 
39 3 730 404 81 206 -1 -1 -1 -1 
39 4 557 216 146 59 -1 -1 -1 -1 
39 6 606 424 86 113 -1 -1 -1 -1 
40 1 337 188 97 82 -1 -1 -1 -1 
40 2 777 182 125 76 -1 -1 -1 -1 
40 3 725 403 90 196 -1 -1 -1 -1 
40 4 557 216 145 60 -1 -1 -1 -1 
40 6 606 424 86 113 -1 -1 -1 -1 
41 1 337 188 97 82 -1 -1 -1 -1 
41 2 777 181 126 77 -1 -1 -1 -1 
41 3 734 400 82 198 -1 -1 -1 -1 
41 4 557 216 146 59 -1 -1 -1 -1 
41 6 605 424 86 114 -1 -1 -1 -1 
42 1 336 188 98 82 -1 -1 -1 -1 
42 2 778 182 125 76 -1 -1 -1 -1 
42 3 746 397 85 199 -1 -1 -1 -1 
42 4 557 216 145 59 -1 -1 -1 -1 
42 6 605 425 86 113 -1 -1 -1 -1 
43 1 336 188 98 82 -1 -1 -1 -1 
43 2 777 182 126 76 -1 -1 -1 -1 
43 3 753 395 94 193 -1 -1 -1 -1 
43 4 557 216 145 59 -1 -1 -1 -1 
43 6 605 425 86 114 -1 -1 -1 -1 
44 1 336 188 98 82 -1 -1 -1 -1 
44 2 774 182 130 76 -1 -1 -1 -1 
44 3 759 395 104 189 -1 -1 -1 -1 
44 4 557 216 145 60 -1 -1 -1 -1 
44 6 605 425 86 114 -1 -1 -1 -1 
45 1 336 188 98 82 -1 -1 -1 -1 
45 2 774 182 131 76 -1 -1 -1 -1 
45 3 753 395 110 186 -1 -1 -1 -1 
45 4 557 216 145 60 -1 -1 -1 -1 
45 6 605 425 86 113 -1 -1 -1 -1 
46 1 336 188 98 82 -1 -1 -1 -1 
46 2 774 182 132 76 -1 -1 -1 -1 
46 3 748 395 109 186 -1 -1 -1 -1 
46 4 557 216 145 59 -1 -1 -1 -1 
46 6 605 425 85 114 -1 -1 -1 -1 
47 1 336 188 98 82 -1 -1 -1 -1 
47 2 774 182 132 76 -1 -1 -1 -1 
47 3 753 390 94 193 -1 -1 -1 -1 
47 4 557 216 145 60 -1 -1 -1 -1 
47 6 605 425 86 114 -1 -1 -1 -1 
48 1 337 188 97 82 -1 -1 -1 -1 
48 2 773 182 133 76 -1 -1 -1 -1 
48 3 763 388 89 190 -1 -1 -1 -1 
48 4 557 216 144 60 -1 -1 -1 -1 
48 6 605 425 85 114 -1 -1 -1 -1 
48 7 748 372 22 33 -1 -1 -1 -1 
49 1 337 188 97 82 -1 -1 -1 -1 
49 2 774 183 133 75 -1 -1 -1 -1 
49 3 763 373 98 200 -1 -1 -1 -1 
49 4 557 216 144 60 -1 -1 -1 -1 
49 6 605 425 85 113 -1 -1 -1 -1 
49 7 759 364 21 31 -1 -1 -1 -1 
50 1 338 188 96 82 -1 -1 -1 -1 
50 2 773 183 133 75 -1 -1 -1 -1 
50 3 773 370 88 200 -1 -1 -1 -1 
50 4 557 216 144 60 -1 -1 -1 -1 
50 6 605 424 86 114 -1 -1 -1 -1 
50 7 775 364 22 34 -1 -1 -1 -1 
51 1 338 188 96 82 -1 -1 -1 -1 
51 2 773 183 132 75 -1 -1 -1 -1 
51 3 776 371 85 198 -1 -1 -1 -1 
51 4 557 216 144 60 -1 -1 -1 -1 
51 6 605 424 86 114 -1 -1 -1 -1 
52 1 338 187 96 82 -1 -1 -1 -1 
52 2 773 183 128 75 -1 -1 -1 -1 
52 3 777 386 80 182 -1 -1 -1 -1 
52 4 557 216 145 60 -1 -1 -1 -1 
52 6 605 424 86 115 -1 -1 -1 -1 
53 1 338 187 97 82 -1 -1 -1 -1 
53 2 773 183 127 75 -1 -1 -1 -1 
53 3 776 389 88 179 -1 -1 -1 -1 
53 4 557 216 144 60 -1 -1 -1 -1 
53 6 605 424 86 114 -1 -1 -1 -1 
54 1 339 187 95 82 -1 -1 -1 -1 
54 2 771 183 130 75 -1 -1 -1 -1 
54 3 780 388 89 178 -1 -1 -1 -1 
54 4 557 216 144 60 -1 -1 -1 -1 
54 6 604 424 87 114 -1 -1 -1 -1 
55 1 340 187 94 82 -1 -1 -1 -1 
55 2 772 183 129 75 -1 -1 -1 -1 
55 3 784 390 91 176 -1 -1 -1 -1 
55 4 558 216 142 59 -1 -1 -1 -1 
55 6 604 424 86 115 -1 -1 -1 -1 
56 1 342 187 92 82 -1 -1 -1 -1 
56 2 770 183 131 75 -1 -1 -1 -1 
56 3 787 390 85 175 -1 -1 -1 -1 
56 4 558 215 142 61 -1 -1 -1 -1 
56 6 604 424 87 115 -1 -1 -1 -1 
57 1 345 187 89 83 -1 -1 -1 -1 
57 2 770 183 131 76 -1 -1 -1 -1 
57 3 793 387 82 171 -1 -1 -1 -1 
57 4 559 215 142 60 -1 -1 -1 -1 
57 6 603 424 87 115 -1 -1 -1 -1 
58 1 349 187 84 83 -1 -1 -1 -1 
58 2 770 183 130 76 -1 -1 -1 -1 
58 3 782 382 93 174 -1 -1 -1 -1 
58 4 559 215 141 60 -1 -1 -1 -1 
58 6 603 424 87 114 -1 -1 -1 -1 
59 1 351 187 82 83 -1 -1 -1 -1 
59 2 770 183 130 76 -1 -1 -1 -1 
59 3 780 375 96 174 -1 -1 -1 -1 
59 4 562 215 139 61 -1 -1 -1 -1 
59 6 603 424 87 114 -1 -1 -1 -1 
60 1 351 187 82 83 -1 -1 -1 -1 
60 2 770 183 131 76 -1 -1 -1 -1 
60 3 780 360 95 187 -1 -1 -1 -1 
60 4 564 215 136 61 -1 -1 -1 -1 
60 6 602 424 88 114 -1 -1 -1 -1 
61 1 351 187 82 84 -1 -1 -1 -1 
61 2 770 183 130 76 -1 -1 -1 -1 
61 3 785 347 90 198 -1 -1 -1 -1 
61 4 566 215 134 61 -1 -1 -1 -1 
61 6 601 424 90 115 -1 -1 -1 -1 
62 1 351 187 82 84 -1 -1 -1 -1 
62 2 770 183 130 76 -1 -1 -1 -1 
62 3 791 344 94 201 -1 -1 -1 -1 
62 4 567 214 133 62 -1 -1 -1 -1 
62 6 601 425 90 114 -1 -1 -1 -1 
63 1 351 187 83 84 -1 -1 -1 -1 
63 2 769 183 131 75 -1 -1 -1 -1 
63 3 797 343 92 201 -1 -1 -1 -1 
63 4 564 214 136 62 -1 -1 -1 -1 
63 6 600 424 90 115 -1 -1 -1 -1 
64 1 351 187 83 84 -1 -1 -1 -1 
64 2 799 182 104 76 -1 -1 -1 -1 
64 3 804 348 88 189 -1 -1 -1 -1 
64 4 564 214 136 62 -1 -1 -1 -1 
64 6 600 425 91 114 -1 -1 -1 -1 
64 8 78 386 106 207 -1 -1 -1 -1 
65 1 351 187 85 84 -1 -1 -1 -1 
65 2 809 182 94 76 -1 -1 -1 -1 
65 3 809 350 86 182 -1 -1 -1 -1 
65 4 564 214 136 62 -1 -1 -1 -1 
65 6 600 424 90 115 -1 -1 -1 -1 
65 8 81 386 107 206 -1 -1 -1 -1 
66 1 350 188 94 83 -1 -1 -1 -1 
66 2 770 183 130 76 -1 -1 -1 -1 
66 3 817 352 80 177 -1 -1 -1 -1 
66 4 565 214 136 62 -1 -1 -1 -1 
66 6 600 424 90 115 -1 -1 -1 -1 
66 7 804 375 19 30 -1 -1 -1 -1 
66 8 84 387 108 205 -1 -1 -1 -1 
67 1 351 188 102 83 -1 -1 -1 -1 
67 2 805 182 98 76 -1 -1 -1 -1 
67 3 826 353 82 176 -1 -1 -1 -1 
67 4 564 213 138 63 -1 -1 -1 -1 
67 6 600 425 90 114 -1 -1 -1 -1 
67 7 800 368 20 30 -1 -1 -1 -1 
67 8 82 385 114 209 -1 -1 -1 -1 
68 1 351 187 111 83 -1 -1 -1 -1 
68 2 806 181 97 77 -1 -1 -1 -1 
68 3 832 352 89 175 -1 -1 -1 -1 
68 4 564 213 138 63 -1 -1 -1 -1 
68 6 600 425 90 114 -1 -1 -1 -1 
68 7 797 366 21 28 -1 -1 -1 -1 
68 8 83 390 116 205 -1 -1 -1 -1 
69 1 351 187 115 82 -1 -1 -1 -1 
69 2 803 180 100 78 -1 -1 -1 -1 
69 3 836 350 92 177 -1 -1 -1 -1 
69 4 562 213 140 63 -1 -1 -1 -1 
69 6 600 425 90 114 -1 -1 -1 -1 
69 7 793 360 20 30 -1 -1 -1 -1 
69 8 84 390 117 206 -1 -1 -1 -1 
70 1 351 187 120 82 -1 -1 -1 -1 
70 2 767 181 133 77 -1 -1 -1 -1 
70 3 838 348 86 178 -1 -1 -1 -1 
70 4 556 213 145 63 -1 -1 -1 -1 
70 6 600 425 90 114 -1 -1 -1 -1 
70 7 790 359 21 30 -1 -1 -1 -1 
70 8 86 387 114 208 -1 -1 -1 -1 
71 1 351 187 124 82 -1 -1 -1 -1 
71 2 766 180 134 78 -1 -1 -1 -1 
71 3 835 343 82 183 -1 -1 -1 -1 
71 4 556 212 144 64 -1 -1 -1 -1 
71 6 600 424 90 115 -1 -1 -1 -1 
71 7 786 358 21 28 -1 -1 -1 -1 
71 8 89 389 112 206 -1 -1 -1 -1 
72 1 353 188 126 81 -1 -1 -1 -1 
72 2 764 178 136 80 -1 -1 -1 -1 
72 3 829 338 83 187 -1 -1 -1 -1 
72 4 551 211 147 65 -1 -1 -1 -1 
72 6 599 424 90 115 -1 -1 -1 -1 
72 7 784 357 20 30 -1 -1 -1 -1 
72 8 95 387 105 204 -1 -1 -1 -1 
73 1 353 189 127 80 -1 -1 -1 -1 
73 2 763 178 137 79 -1 -1 -1 -1 
73 3 829 334 80 189 -1 -1 -1 -1 
73 4 547 211 150 65 -1 -1 -1 -1 
73 6 599 425 90 114 -1 -1 -1 -1 
73 7 780 352 20 29 -1 -1 -1 -1 
73 8 100 389 101 202 -1 -1 -1 -1 
74 1 353 189 127 80 -1 -1 -1 -1 
74 2 764 179 135 77 -1 -1 -1 -1 
74 3 834 329 70 190 -1 -1 -1 -1 
74 4 546 210 149 65 -1 -1 -1 -1 
74 6 599 425 91 114 -1 -1 -1 -1 
74 7 777 342 19 28 -1 -1 -1 -1 
74 8 110 390 93 196 -1 -1 -1 -1 
75 1 354 189 126 80 -1 -1 -1 -1 
75 2 762 178 137 80 -1 -1 -1 -1 
75 3 834 327 68 199 -1 -1 -1 -1 
75 4 546 209 146 66 -1 -1 -1 -1 
75 6 598 425 91 114 -1 -1 -1 -1 
75 7 773 332 19 27 -1 -1 -1 -1 
75 8 122 387 84 198 -1 -1 -1 -1 
76 1 354 190 127 80 -1 -1 -1 -1 
76 2 762 178 137 80 -1 -1 -1 -1 
76 3 837 327 63 200 -1 -1 -1 -1 
76 4 545 209 142 66 -1 -1 -1 -1 
76 6 597 425 93 114 -1 -1 -1 -1 
76 7 769 323 20 27 -1 -1 -1 -1 
76 8 135 387 74 198 -1 -1 -1 -1 
77 1 356 191 125 79 -1 -1 -1 -1 
77 2 764 180 135 76 -1 -1 -1 -1 
77 3 845 326 58 201 -1 -1 -1 -1 
77 4 545 209 141 66 -1 -1 -1 -1 
77 6 596 425 94 114 -1 -1 -1 -1 
77 7 767 315 19 29 -1 -1 -1 -1 
77 8 147 386 66 199 -1 -1 -1 -1 
78 1 356 192 126 77 -1 -1 -1 -1 
78 2 762 180 137 76 -1 -1 -1 -1 
78 3 843 326 64 204 -1 -1 -1 -1 
78 4 544 208 139 67 -1 -1 -1 -1 
78 6 594 425 95 114 -1 -1 -1 -1 
78 7 763 309 20 28 -1 -1 -1 -1 
78 8 155 383 62 201 -1 -1 -1 -1 
79 1 356 194 127 75 -1 -1 -1 -1 
79 2 764 181 134 74 -1 -1 -1 -1 
79 3 841 327 72 203 -1 -1 -1 -1 
79 4 544 208 139 67 -1 -1 -1 -1 
79 6 594 425 95 114 -1 -1 -1 -1 
79 7 760 304 19 27 -1 -1 -1 -1 
79 8 157 383 64 201 -1 -1 -1 -1 
80 1 357 195 126 75 -1 -1 -1 -1 
80 2 764 182 135 74 -1 -1 -1 -1 
80 3 842 329 77 197 -1 -1 -1 -1 
80 4 544 208 138 67 -1 -1 -1 -1 
80 6 593 425 96 114 -1 -1 -1 -1 
80 7 757 301 19 27 -1 -1 -1 -1 
80 8 160 381 66 204 -1 -1 -1 -1 
81 1 356 197 130 72 -1 -1 -1 -1 
81 2 767 183 131 73 -1 -1 -1 -1 
81 3 843 329 86 199 -1 -1 -1 -1 
81 4 543 208 140 67 -1 -1 -1 -1 
81 6 594 425 95 114 -1 -1 -1 -1 
81 7 754 298 18 28 -1 -1 -1 -1 
81 8 163 385 66 200 -1 -1 -1 -1 
82 1 357 201 138 68 -1 -1 -1 -1 
82 2 768 183 129 73 -1 -1 -1 -1 
82 3 846 331 86 195 -1 -1 -1 -1 
82 4 541 209 142 67 -1 -1 -1 -1 
82 6 594 425 96 114 -1 -1 -1 -1 
82 7 751 296 19 29 -1 -1 -1 -1 
82 8 166 386 70 199 -1 -1 -1 -1 
83 1 359 206 148 64 -1 -1 -1 -1 
83 2 767 184 131 71 -1 -1 -1 -1 
83 3 847 331 86 195 -1 -1 -1 -1 
83 4 539 211 146 65 -1 -1 -1 -1 
83 6 595 425 95 114 -1 -1 -1 -1 
83 7 749 294 19 28 -1 -1 -1 -1 
83 8 169 389 72 196 -1 -1 -1 -1 
84 1 361 207 154 63 -1 -1 -1 -1 
84 2 766 184 132 71 -1 -1 -1 -1 
84 3 844 332 91 194 -1 -1 -1 -1 
84 4 540 213 146 62 -1 -1 -1 -1 
84 6 596 425 96 114 -1 -1 -1 -1 
84 7 746 287 18 26 -1 -1 -1 -1 
84 8 170 391 74 194 -1 -1 -1 -1 
85 1 366 210 154 60 -1 -1 -1 -1 
85 2 764 184 135 71 -1 -1 -1 -1 
85 3 840 334 97 193 -1 -1 -1 -1 
85 4 544 215 148 59 -1 -1 -1 -1 
85 6 597 425 99 113 -1 -1 -1 -1 
85 7 744 280 18 27 -1 -1 -1 -1 
85 8 171 395 80 190 -1 -1 -1 -1 
86 1 373 213 161 55 -1 -1 -1 -1 
86 2 762 188 138 68 -1 -1 -1 -1 
86 3 846 335 92 193 -1 -1 -1 -1 
86 4 545 216 157 57 -1 -1 -1 -1 
86 6 599 425 103 113 -1 -1 -1 -1 
86 7 742 273 18 27 -1 -1 -1 -1 
86 8 174 398 81 186 -1 -1 -1 -1 
87 1 379 215 160 53 -1 -1 -1 -1 
87 2 760 189 140 67 -1 -1 -1 -1 
87 3 850 335 88 195 -1 -1 -1 -1 
87 4 544 220 170 54 -1 -1 -1 -1 
87 6 599 425 114 113 -1 -1 -1 -1 
87 7 739 270 17 25 -1 -1 -1 -1 
87 8 176 406 84 176 -1 -1 -1 -1 
88 1 383 216 162 53 -1 -1 -1 -1 
88 2 757 190 144 67 -1 -1 -1 -1 
88 3 855 332 84 201 -1 -1 -1 -1 
88 4 546 224 179 50 -1 -1 -1 -1 
88 6 599 426 116 111 -1 -1 -1 -1 
88 7 737 266 16 27 -1 -1 -1 -1 
88 8 180 406 83 176 -1 -1 -1 -1 
89 1 387 217 160 51 -1 -1 -1 -1 
89 2 740 195 159 62 -1 -1 -1 -1 
89 3 859 331 80 202 -1 -1 -1 -1 
89 4 554 227 179 48 -1 -1 -1 -1 
89 6 601 426 121 111 -1 -1 -1 -1 
89 7 733 262 17 27 -1 -1 -1 -1 
89 8 179 411 89 171 -1 -1 -1 -1 
90 1 390 219 160 49 -1 -1 -1 -1 
90 2 733 193 163 64 -1 -1 -1 -1 
90 3 863 328 76 205 -1 -1 -1 -1 
90 4 554 227 180 48 -1 -1 -1 -1 
90 6 601 425 128 112 -1 -1 -1 -1 
90 7 732 255 16 25 -1 -1 -1 -1 
90 8 184 415 86 166 -1 -1 -1 -1 
91 1 394 219 161 46 -1 -1 -1 -1 
91 2 724 199 171 58 -1 -1 -1 -1 
91 3 865 326 74 208 -1 -1 -1 -1 
91 4 548 227 177 47 -1 -1 -1 -1 
91 6 601 426 136 112 -1 -1 -1 -1 
91 7 730 249 16 28 -1 -1 -1 -1 
91 8 186 419 90 160 -1 -1 -1 -1 
92 1 396 220 163 45 -1 -1 -1 -1 
92 2 724 200 167 58 -1 -1 -1 -1 
92 3 865 326 74 209 -1 -1 -1 -1 
92 4 552 226 176 48 -1 -1 -1 -1 
92 6 601 426 146 112 -1 -1 -1 -1 
92 7 730 247 15 26 -1 -1 -1 -1 
92 8 189 423 92 157 -1 -1 -1 -1 
93 1 403 218 160 44 -1 -1 -1 -1 
93 2 724 203 165 56 -1 -1 -1 -1 
93 3 864 326 74 210 -1 -1 -1 -1 
93 4 560 225 176 49 -1 -1 -1 -1 
93 6 602 426 150 113 -1 -1 -1 -1 
93 7 729 234 15 27 -1 -1 -1 -1 
93 8 193 428 96 151 -1 -1 -1 -1 
94 1 405 217 161 46 -1 -1 -1 -1 
94 2 724 208 167 51 -1 -1 -1 -1 
94 3 863 327 75 211 -1 -1 -1 -1 
94 4 562 226 173 49 -1 -1 -1 -1 
94 6 604 427 151 112 -1 -1 -1 -1 
94 7 730 222 16 29 -1 -1 -1 -1 
94 8 195 434 97 144 -1 -1 -1 -1 
95 1 407 215 160 47 -1 -1 -1 -1 
95 2 726 208 156 50 -1 -1 -1 -1 
95 3 864 331 73 207 -1 -1 -1 -1 
95 4 564 226 172 50 -1 -1 -1 -1 
95 6 606 427 149 112 -1 -1 -1 -1 
95 7 731 213 16 26 -1 -1 -1 -1 
95 8 199 439 99 138 -1 -1 -1 -1 
96 1 410 213 156 49 -1 -1 -1 -1 
96 2 729 209 158 50 -1 -1 -1 -1 
96 3 865 334 71 204 -1 -1 -1 -1 
96 4 566 226 170 51 -1 -1 -1 -1 
96 6 610 427 144 112 -1 -1 -1 -1 
96 7 732 203 17 25 -1 -1 -1 -1 
96 8 203 445 97 131 -1 -1 -1 -1 
97 1 411 211 155 51 -1 -1 -1 -1 
97 2 731 206 159 53 -1 -1 -1 -1 
97 3 867 336 69 203 -1 -1 -1 -1 
97 4 567 226 168 51 -1 -1 -1 -1 
97 6 609 427 148 112 -1 -1 -1 -1 
97 7 733 193 16 24 -1 -1 -1 -1 
97 8 206 451 96 126 -1 -1 -1 -1 
98 1 412 209 152 52 -1 -1 -1 -1 
98 2 733 205 157 55 -1 -1 -1 -1 
98 3 867 338 68 202 -1 -1 -1 -1 
98 4 567 226 170 50 -1 -1 -1 -1 
98 6 609 426 149 113 -1 -1 -1 -1 
98 7 734 185 16 25 -1 -1 -1 -1 
98 8 208 452 96 127 -1 -1 -1 -1 
99 1 412 205 147 56 -1 -1 -1 -1 
99 2 732 203 158 57 -1 -1 -1 -1 
99 3 867 339 66 200 -1 -1 -1 -1 
99 4 568 224 170 52 -1 -1 -1 -1 
99 6 611 426 147 113 -1 -1 -1 -1 
99 7 735 179 16 23 -1 -1 -1 -1 
99 8 211 451 95 127 -1 -1 -1 -1 
100 1 414 202 141 59 -1 -1 -1 -1 
100 2 731 202 157 58 -1 -1 -1 -1 
100 3 865 341 66 198 -1 -1 -1 -1 
100 4 570 221 167 55 -1 -1 -1 -1 
100 6 612 425 145 114 -1 -1 -1 -1 
100 7 737 174 14 23 -1 -1 -1 -1 
100 8 213 453 97 125 -1 -1 -1 -1 
101 1 413 199 141 62 -1 -1 -1 -1 
101 2 731 201 154 59 -1 -1 -1 -1 
101 3 863 342 65 197 -1 -1 -1 -1 
101 4 570 216 166 60 -1 -1 -1 -1 
101 6 613 425 145 114 -1 -1 -1 -1 
101 7 737 169 15 22 -1 -1 -1 -1 
101 8 216 455 95 122 -1 -1 -1 -1 
102 1 413 195 138 65 -1 -1 -1 -1 
102 2 731 201 152 59 -1 -1 -1 -1 
102 3 861 341 61 199 -1 -1 -1 -1 
102 4 571 214 164 62 -1 -1 -1 -1 
102 6 614 425 145 113 -1 -1 -1 -1 
102 7 738 163 16 24 -1 -1 -1 -1 
102 8 217 454 95 122 -1 -1 -1 -1 
103 1 415 194 135 64 -1 -1 -1 -1 
103 2 730 202 149 60 -1 -1 -1 -1 
103 3 859 341 57 201 -1 -1 -1 -1 
103 4 574 211 161 65 -1 -1 -1 -1 
103 6 614 424 145 114 -1 -1 -1 -1 
103 7 739 160 16 23 -1 -1 -1 -1 
103 8 218 454 93 121 -1 -1 -1 -1 
104 1 420 189 128 68 -1 -1 -1 -1 
104 2 728 203 144 59 -1 -1 -1 -1 
104 3 857 341 55 202 -1 -1 -1 -1 
104 4 577 210 157 66 -1 -1 -1 -1 
104 6 614 424 146 114 -1 -1 -1 -1 
104 7 741 158 14 24 -1 -1 -1 -1 
104 8 222 453 88 121 -1 -1 -1 -1 
105 1 425 188 119 70 -1 -1 -1 -1 
105 2 728 201 141 60 -1 -1 -1 -1 
105 3 854 339 57 201 -1 -1 -1 -1 
105 4 580 209 153 67 -1 -1 -1 -1 
105 6 614 423 145 115 -1 -1 -1 -1 
105 7 742 157 14 24 -1 -1 -1 -1 
105 8 223 453 87 119 -1 -1 -1 -1 
106 1 435 185 104 72 -1 -1 -1 -1 
106 2 728 201 147 60 -1 -1 -1 -1 
106 3 852 339 59 201 -1 -1 -1 -1 
106 4 577 207 146 71 -1 -1 -1 -1 
106 6 614 423 146 115 -1 -1 -1 -1 
106 7 742 157 15 24 -1 -1 -1 -1 
106 8 228 453 83 117 -1 -1 -1 -1 
107 1 441 187 96 68 -1 -1 -1 -1 
107 2 729 200 147 61 -1 -1 -1 -1 
107 3 850 339 61 200 -1 -1 -1 -1 
107 4 577 207 145 71 -1 -1 -1 -1 
107 6 615 423 146 114 -1 -1 -1 -1 
107 7 743 156 15 25 -1 -1 -1 -1 
107 8 231 454 80 113 -1 -1 -1 -1 
108 1 449 185 85 72 -1 -1 -1 -1 
108 2 726 200 150 61 -1 -1 -1 -1 
108 3 846 339 63 200 -1 -1 -1 -1 
108 4 577 207 145 70 -1 -1 -1 -1 
108 6 616 422 145 115 -1 -1 -1 -1 
108 7 744 156 15 24 -1 -1 -1 -1 
108 8 234 453 77 112 -1 -1 -1 -1 
109 1 456 183 78 73 -1 -1 -1 -1 
109 2 721 196 157 63 -1 -1 -1 -1 
109 3 839 339 70 199 -1 -1 -1 -1 
109 4 576 208 144 69 -1 -1 -1 -1 
109 6 618 421 143 116 -1 -1 -1 -1 
109 7 745 155 16 25 -1 -1 -1 -1 
109 8 235 453 76 111 -1 -1 -1 -1 
110 1 461 183 75 73 -1 -1 -1 -1 
110 2 716 195 162 64 -1 -1 -1 -1 
110 3 833 339 75 200 -1 -1 -1 -1 
110 4 576 209 143 68 -1 -1 -1 -1 
110 6 620 421 141 116 -1 -1 -1 -1 
110 7 747 155 15 25 -1 -1 -1 -1 
110 8 235 451 76 113 -1 -1 -1 -1 
111 1 463 182 76 74 -1 -1 -1 -1 
111 2 719 192 158 67 -1 -1 -1 -1 
111 3 830 339 77 200 -1 -1 -1 -1 
111 4 576 209 142 68 -1 -1 -1 -1 
111 6 620 421 141 116 -1 -1 -1 -1 
111 7 749 156 15 24 -1 -1 -1 -1 
111 8 236 448 75 114 -1 -1 -1 -1 
112 1 463 183 76 72 -1 -1 -1 -1 
112 2 721 190 157 68 -1 -1 -1 -1 
112 3 829 340 75 199 -1 -1 -1 -1 
112 4 576 209 143 68 -1 -1 -1 -1 
112 6 621 421 142 116 -1 -1 -1 -1 
112 7 752 158 15 24 -1 -1 -1 -1 
112 8 238 439 71 120 -1 -1 -1 -1 
113 1 465 182 74 73 -1 -1 -1 -1 
113 2 729 187 148 70 -1 -1 -1 -1 
113 3 829 340 73 199 -1 -1 -1 -1 
113 4 576 209 142 68 -1 -1 -1 -1 
113 6 622 420 142 116 -1 -1 -1 -1 
113 7 754 160 14 23 -1 -1 -1 -1 
113 8 238 434 75 125 -1 -1 -1 -1 
114 1 469 183 69 72 -1 -1 -1 -1 
114 2 731 183 143 73 -1 -1 -1 -1 
114 3 829 340 66 199 -1 -1 -1 -1 
114 4 576 209 142 68 -1 -1 -1 -1 
114 6 623 420 142 116 -1 -1 -1 -1 
114 7 755 163 15 23 -1 -1 -1 -1 
114 8 239 430 85 128 -1 -1 -1 -1 
115 1 472 183 64 73 -1 -1 -1 -1 
115 2 721 179 147 77 -1 -1 -1 -1 
115 3 828 339 61 201 -1 -1 -1 -1 
115 4 576 208 142 69 -1 -1 -1 -1 
115 6 625 420 140 116 -1 -1 -1 -1 
115 7 757 168 15 22 -1 -1 -1 -1 
115 8 239 429 95 126 -1 -1 -1 -1 
116 1 475 182 62 73 -1 -1 -1 -1 
116 2 725 181 138 75 -1 -1 -1 -1 
116 3 825 339 60 200 -1 -1 -1 -1 
116 4 579 209 152 67 -1 -1 -1 -1 
116 6 627 420 137 116 -1 -1 -1 -1 
116 7 760 173 14 22 -1 -1 -1 -1 
116 8 240 428 104 125 -1 -1 -1 -1 
117 1 475 182 62 73 -1 -1 -1 -1 
117 2 725 178 130 77 -1 -1 -1 -1 
117 3 822 338 59 200 -1 -1 -1 -1 
117 4 580 209 153 67 -1 -1 -1 -1 
117 6 626 420 141 115 -1 -1 -1 -1 
117 7 761 177 15 23 -1 -1 -1 -1 
117 8 243 427 104 126 -1 -1 -1 -1 
118 1 475 183 66 73 -1 -1 -1 -1 
118 2 728 180 117 76 -1 -1 -1 -1 
118 3 818 338 60 201 -1 -1 -1 -1 
118 4 580 210 155 66 -1 -1 -1 -1 
118 6 626 419 141 116 -1 -1 -1 -1 
118 7 763 183 15 23 -1 -1 -1 -1 
118 8 245 425 111 128 -1 -1 -1 -1 
119 1 475 182 70 74 -1 -1 -1 -1 
119 2 724 177 113 78 -1 -1 -1 -1 
119 3 814 337 63 204 -1 -1 -1 -1 
119 4 580 210 156 66 -1 -1 -1 -1 
119 6 627 419 142 116 -1 -1 -1 -1 
119 7 766 189 14 23 -1 -1 -1 -1 
119 8 248 425 114 128 -1 -1 -1 -1 
120 1 476 182 73 73 -1 -1 -1 -1 
120 2 724 176 102 79 -1 -1 -1 -1 
120 3 811 338 66 207 -1 -1 -1 -1 
120 4 579 210 157 66 -1 -1 -1 -1 
120 6 628 419 142 115 -1 -1 -1 -1 
120 7 766 189 14 23 -1 -1 -1 -1 
121 1 477 182 78 73 -1 -1 -1 -1 
121 2 724 176 94 78 -1 -1 -1 -1 
121 3 805 339 70 206 -1 -1 -1 -1 
121 4 581 209 153 67 -1 -1 -1 -1 
121 6 628 418 141 116 -1 -1 -1 -1 
121 8 251 424 121 129 -1 -1 -1 -1 
122 1 477 182 81 73 -1 -1 -1 -1 
122 2 725 177 89 77 -1 -1 -1 -1 
122 3 801 339 73 207 -1 -1 -1 -1 
122 4 581 209 153 67 -1 -1 -1 -1 
122 6 629 417 140 117 -1 -1 -1 -1 
122 8 253 424 121 129 -1 -1 -1 -1 
123 1 478 184 87 71 -1 -1 -1 -1 
123 2 727 176 84 79 -1 -1 -1 -1 
123 3 797 339 75 204 -1 -1 -1 -1 
123 4 581 209 153 67 -1 -1 -1 -1 
123 6 633 418 132 116 -1 -1 -1 -1 
123 8 257 424 118 129 -1 -1 -1 -1 
124 1 481 183 85 72 -1 -1 -1 -1 
124 2 729 175 82 79 -1 -1 -1 -1 
124 3 797 339 73 200 -1 -1 -1 -1 
124 4 581 209 152 67 -1 -1 -1 -1 
124 6 633 418 132 116 -1 -1 -1 -1 
124 8 256 423 119 129 -1 -1 -1 -1 
125 1 483 183 86 71 -1 -1 -1 -1 
125 2 730 175 76 78 -1 -1 -1 -1 
125 3 794 339 74 200 -1 -1 -1 -1 
125 4 579 210 157 65 -1 -1 -1 -1 
125 6 632 417 133 117 -1 -1 -1 -1 
125 8 257 423 118 129 -1 -1 -1 -1 
126 1 485 183 88 71 -1 -1 -1 -1 
126 2 731 174 72 78 -1 -1 -1 -1 
126 3 791 340 75 204 -1 -1 -1 -1 
126 4 579 210 158 65 -1 -1 -1 -1 
126 6 633 417 131 117 -1 -1 -1 -1 
126 8 257 422 120 130 -1 -1 -1 -1 
127 1 490 182 84 71 -1 -1 -1 -1 
127 2 731 174 72 78 -1 -1 -1 -1 
127 3 790 340 75 205 -1 -1 -1 -1 
127 4 580 210 155 65 -1 -1 -1 -1 
127 6 633 416 130 117 -1 -1 -1 -1 
127 8 257 423 120 128 -1 -1 -1 -1 
128 1 494 181 83 71 -1 -1 -1 -1 
128 2 731 173 71 79 -1 -1 -1 -1 
128 3 789 340 75 205 -1 -1 -1 -1 
128 4 580 210 155 65 -1 -1 -1 -1 
128 6 633 415 131 118 -1 -1 -1 -1 
128 8 257 422 120 130 -1 -1 -1 -1 
129 1 500 180 78 72 -1 -1 -1 -1 
129 2 730 173 73 79 -1 -1 -1 -1 
129 3 788 339 77 206 -1 -1 -1 -1 
129 4 580 210 155 65 -1 -1 -1 -1 
129 6 633 415 135 118 -1 -1 -1 -1 
129 8 258 422 119 130 -1 -1 -1 -1 
130 1 504 179 75 73 -1 -1 -1 -1 
130 2 729 173 74 79 -1 -1 -1 -1 
130 3 787 339 81 206 -1 -1 -1 -1 
130 4 580 210 155 65 -1 -1 -1 -1 
130 6 633 415 135 118 -1 -1 -1 -1 
130 8 258 423 119 130 -1 -1 -1 -1 
131 1 508 178 71 73 -1 -1 -1 -1 
131 2 730 173 74 79 -1 -1 -1 -1 
131 3 785 340 86 205 -1 -1 -1 -1 
131 4 580 210 154 65 -1 -1 -1 -1 
131 6 636 415 138 118 -1 -1 -1 -1 
131 8 258 423 121 130 -1 -1 -1 -1 
132 1 510 178 69 74 -1 -1 -1 -1 
132 2 729 173 77 79 -1 -1 -1 -1 
132 3 782 339 95 201 -1 -1 -1 -1 
132 4 580 211 154 64 -1 -1 -1 -1 
132 6 645 414 134 119 -1 -1 -1 -1 
132 8 259 422 124 132 -1 -1 -1 -1 
133 1 512 177 67 74 -1 -1 -1 -1 
133 2 727 173 81 78 -1 -1 -1 -1 
133 3 781 340 97 199 -1 -1 -1 -1 
133 4 581 211 154 64 -1 -1 -1 -1 
133 6 650 414 131 118 -1 -1 -1 -1 
133 8 258 423 139 131 -1 -1 -1 -1 
134 1 514 177 65 75 -1 -1 -1 -1 
134 2 727 174 83 77 -1 -1 -1 -1 
134 3 781 341 97 197 -1 -1 -1 -1 
134 4 580 211 155 64 -1 -1 -1 -1 
134 6 652 414 126 119 -1 -1 -1 -1 
134 8 258 425 151 126 -1 -1 -1 -1 
135 1 516 177 62 75 -1 -1 -1 -1 
135 2 726 174 84 77 -1 -1 -1 -1 
135 3 781 343 98 194 -1 -1 -1 -1 
135 4 582 210 150 66 -1 -1 -1 -1 
135 6 651 414 126 119 -1 -1 -1 -1 
135 8 258 425 163 126 -1 -1 -1 -1 
136 1 518 177 59 75 -1 -1 -1 -1 
136 2 726 173 84 78 -1 -1 -1 -1 
136 3 781 344 98 193 -1 -1 -1 -1 
136 4 582 210 150 66 -1 -1 -1 -1 
136 6 652 414 127 119 -1 -1 -1 -1 
136 8 258 427 172 125 -1 -1 -1 -1 
137 1 519 175 58 77 -1 -1 -1 -1 
137 2 726 174 84 77 -1 -1 -1 -1 
137 3 783 345 97 192 -1 -1 -1 -1 
137 4 582 210 149 66 -1 -1 -1 -1 
137 6 652 415 128 118 -1 -1 -1 -1 
137 8 258 427 177 125 -1 -1 -1 -1 
138 1 520 175 56 76 -1 -1 -1 -1 
138 2 727 174 83 77 -1 -1 -1 -1 
138 3 785 346 97 189 -1 -1 -1 -1 
138 4 582 210 148 66 -1 -1 -1 -1 
138 6 652 415 129 119 -1 -1 -1 -1 
138 8 259 430 182 121 -1 -1 -1 -1 
139 1 520 175 56 76 -1 -1 -1 -1 
139 2 728 174 82 77 -1 -1 -1 -1 
139 3 787 349 99 188 -1 -1 -1 -1 
139 4 581 211 139 65 -1 -1 -1 -1 
139 6 654 416 127 118 -1 -1 -1 -1 
139 8 259 431 186 118 -1 -1 -1 -1 
140 1 520 176 56 76 -1 -1 -1 -1 
140 2 729 174 81 77 -1 -1 -1 -1 
140 3 791 349 98 188 -1 -1 -1 -1 
140 4 581 211 154 65 -1 -1 -1 -1 
140 6 655 416 127 118 -1 -1 -1 -1 
140 8 259 431 187 115 -1 -1 -1 -1 
141 1 521 177 57 75 -1 -1 -1 -1 
141 2 730 174 80 77 -1 -1 -1 -1 
141 3 793 347 97 190 -1 -1 -1 -1 
141 4 582 212 153 63 -1 -1 -1 -1 
141 6 656 416 127 118 -1 -1 -1 -1 
141 8 260 430 186 115 -1 -1 -1 -1 
142 1 522 178 56 74 -1 -1 -1 -1 
142 2 730 174 79 77 -1 -1 -1 -1 
142 3 796 346 93 190 -1 -1 -1 -1 
142 4 582 211 154 64 -1 -1 -1 -1 
142 6 658 416 127 117 -1 -1 -1 -1 
142 8 266 431 180 113 -1 -1 -1 -1 
143 1 523 178 55 74 -1 -1 -1 -1 
143 2 730 173 79 78 -1 -1 -1 -1 
143 3 797 345 92 191 -1 -1 -1 -1 
143 4 583 211 152 64 -1 -1 -1 -1 
143 6 659 416 126 117 -1 -1 -1 -1 
143 8 274 430 173 114 -1 -1 -1 -1 
144 1 523 179 57 74 -1 -1 -1 -1 
144 2 730 174 79 77 -1 -1 -1 -1 
144 3 798 344 90 193 -1 -1 -1 -1 
144 4 582 211 152 64 -1 -1 -1 -1 
144 6 660 416 126 117 -1 -1 -1 -1 
144 8 280 429 167 114 -1 -1 -1 -1 
145 1 524 179 57 73 -1 -1 -1 -1 
145 2 730 174 79 77 -1 -1 -1 -1 
145 3 798 344 90 193 -1 -1 -1 -1 
145 4 582 210 153 65 -1 -1 -1 -1 
145 6 660 416 126 117 -1 -1 -1 -1 
145 8 287 430 163 114 -1 -1 -1 -1 
146 1 525 180 59 72 -1 -1 -1 -1 
146 2 729 174 80 77 -1 -1 -1 -1 
146 3 798 344 91 193 -1 -1 -1 -1 
146 4 585 207 148 69 -1 -1 -1 -1 
146 6 659 417 126 116 -1 -1 -1 -1 
146 8 290 431 162 113 -1 -1 -1 -1 
147 1 525 181 60 71 -1 -1 -1 -1 
147 2 728 174 80 77 -1 -1 -1 -1 
147 3 798 345 95 192 -1 -1 -1 -1 
147 4 585 206 148 70 -1 -1 -1 -1 
147 6 660 417 126 116 -1 -1 -1 -1 
147 8 290 432 162 112 -1 -1 -1 -1 
148 1 526 180 57 72 -1 -1 -1 -1 
148 2 728 174 80 77 -1 -1 -1 -1 
148 3 799 345 100 192 -1 -1 -1 -1 
148 4 584 205 150 71 -1 -1 -1 -1 
148 6 660 418 127 115 -1 -1 -1 -1 
148 8 290 434 162 110 -1 -1 -1 -1 
149 1 526 180 56 72 -1 -1 -1 -1 
149 2 727 174 80 78 -1 -1 -1 -1 
149 3 802 347 101 190 -1 -1 -1 -1 
149 4 583 204 151 72 -1 -1 -1 -1 
149 6 660 418 128 115 -1 -1 -1 -1 
149 8 295 438 158 107 -1 -1 -1 -1 
150 1 527 180 55 72 -1 -1 -1 -1 
150 2 730 174 75 78 -1 -1 -1 -1 
150 3 803 347 103 192 -1 -1 -1 -1 
150 4 582 202 151 73 -1 -1 -1 -1 
150 6 660 418 128 115 -1 -1 -1 -1 
150 8 297 439 155 107 -1 -1 -1 -1 
151 1 527 180 56 72 -1 -1 -1 -1 
151 2 731 174 71 78 -1 -1 -1 -1 
151 3 805 347 102 193 -1 -1 -1 -1 
151 4 582 200 151 75 -1 -1 -1 -1 
151 6 660 419 129 115 -1 -1 -1 -1 
151 8 299 441 155 106 -1 -1 -1 -1 
152 1 527 181 56 71 -1 -1 -1 -1 
152 2 730 174 70 78 -1 -1 -1 -1 
152 3 806 347 102 193 -1 -1 -1 -1 
152 4 582 198 150 77 -1 -1 -1 -1 
152 6 660 419 129 115 -1 -1 -1 -1 
152 8 299 441 156 107 -1 -1 -1 -1 
153 1 528 181 56 71 -1 -1 -1 -1 
153 2 731 174 69 79 -1 -1 -1 -1 
153 3 807 346 101 193 -1 -1 -1 -1 
153 4 582 197 147 77 -1 -1 -1 -1 
153 6 660 419 129 115 -1 -1 -1 -1 
153 8 299 442 158 106 -1 -1 -1 -1 
154 1 528 181 56 71 -1 -1 -1 -1 
154 2 731 174 69 79 -1 -1 -1 -1 
154 3 813 345 95 193 -1 -1 -1 -1 
154 4 583 197 145 77 -1 -1 -1 -1 
154 6 660 419 129 115 -1 -1 -1 -1 
154 8 299 442 157 105 -1 -1 -1 -1 
155 1 527 181 58 70 -1 -1 -1 -1 
155 2 731 174 70 79 -1 -1 -1 -1 
155 3 821 342 87 195 -1 -1 -1 -1 
155 4 584 197 147 76 -1 -1 -1 -1 
155 6 660 419 130 114 -1 -1 -1 -1 
155 8 300 441 156 106 -1 -1 -1 -1 
156 1 527 181 58 70 -1 -1 -1 -1 
156 2 733 174 68 80 -1 -1 -1 -1 
156 3 826 343 83 199 -1 -1 -1 -1 
156 4 584 197 148 76 -1 -1 -1 -1 
156 6 660 419 130 115 -1 -1 -1 -1 
156 8 301 441 155 107 -1 -1 -1 -1 
157 1 527 181 60 72 -1 -1 -1 -1 
157 2 734 174 67 80 -1 -1 -1 -1 
157 3 829 342 81 199 -1 -1 -1 -1 
157 4 584 197 145 76 -1 -1 -1 -1 
157 6 660 419 131 115 -1 -1 -1 -1 
157 8 301 441 156 107 -1 -1 -1 -1 
158 1 527 181 60 72 -1 -1 -1 -1 
158 2 736 174 66 81 -1 -1 -1 -1 
158 3 831 344 80 196 -1 -1 -1 -1 
158 4 583 197 143 76 -1 -1 -1 -1 
158 6 661 419 130 115 -1 -1 -1 -1 
158 8 302 441 154 108 -1 -1 -1 -1 
159 1 527 180 60 73 -1 -1 -1 -1 
159 2 737 174 66 81 -1 -1 -1 -1 
159 3 833 345 79 193 -1 -1 -1 -1 
159 4 582 198 135 76 -1 -1 -1 -1 
159 6 661 420 131 114 -1 -1 -1 -1 
159 8 303 441 154 108 -1 -1 -1 -1 
160 1 527 180 61 73 -1 -1 -1 -1 
160 2 738 174 65 82 -1 -1 -1 -1 
160 3 835 347 80 189 -1 -1 -1 -1 
160 4 581 197 134 77 -1 -1 -1 -1 
160 6 661 420 131 114 -1 -1 -1 -1 
160 8 303 442 154 107 -1 -1 -1 -1 
161 1 527 180 61 73 -1 -1 -1 -1 
161 2 738 174 66 82 -1 -1 -1 -1 
161 3 839 352 80 181 -1 -1 -1 -1 
161 4 581 197 134 77 -1 -1 -1 -1 
161 6 661 420 131 115 -1 -1 -1 -1 
161 8 305 441 151 108 -1 -1 -1 -1 
162 1 526 181 62 71 -1 -1 -1 -1 
162 2 738 175 67 81 -1 -1 -1 -1 
162 3 843 360 80 172 -1 -1 -1 -1 
162 4 583 197 142 76 -1 -1 -1 -1 
162 6 660 420 133 115 -1 -1 -1 -1 
162 8 311 444 145 105 -1 -1 -1 -1 
163 1 526 181 63 71 -1 -1 -1 -1 
163 2 738 175 67 81 -1 -1 -1 -1 
163 3 847 368 77 169 -1 -1 -1 -1 
163 4 583 197 143 76 -1 -1 -1 -1 
163 6 660 420 134 115 -1 -1 -1 -1 
163 8 312 444 144 105 -1 -1 -1 -1 
164 1 526 181 62 72 -1 -1 -1 -1 
164 2 737 174 68 83 -1 -1 -1 -1 
164 3 848 375 79 162 -1 -1 -1 -1 
164 4 582 196 133 79 -1 -1 -1 -1 
164 6 660 421 134 114 -1 -1 -1 -1 
164 8 312 444 145 105 -1 -1 -1 -1 
165 1 526 181 63 72 -1 -1 -1 -1 
165 2 737 174 68 83 -1 -1 -1 -1 
165 3 849 385 81 153 -1 -1 -1 -1 
165 4 581 195 136 79 -1 -1 -1 -1 
165 6 660 421 134 115 -1 -1 -1 -1 
165 8 313 444 145 105 -1 -1 -1 -1 
166 1 526 181 65 72 -1 -1 -1 -1 
166 2 737 175 69 82 -1 -1 -1 -1 
166 3 849 395 84 142 -1 -1 -1 -1 
166 4 581 195 137 80 -1 -1 -1 -1 
166 6 660 421 134 115 -1 -1 -1 -1 
166 8 313 445 145 104 -1 -1 -1 -1 
167 1 527 181 64 72 -1 -1 -1 -1 
167 2 736 176 70 81 -1 -1 -1 -1 
167 3 848 404 88 132 -1 -1 -1 -1 
167 4 581 193 135 82 -1 -1 -1 -1 
167 6 660 420 135 116 -1 -1 -1 -1 
167 8 314 446 144 103 -1 -1 -1 -1 
168 1 526 181 64 72 -1 -1 -1 -1 
168 2 736 176 71 81 -1 -1 -1 -1 
168 3 847 415 91 121 -1 -1 -1 -1 
168 4 582 193 135 81 -1 -1 -1 -1 
168 6 660 421 135 115 -1 -1 -1 -1 
168 8 314 446 142 103 -1 -1 -1 -1 
169 1 525 181 63 72 -1 -1 -1 -1 
169 2 737 177 70 80 -1 -1 -1 -1 
169 3 847 424 91 111 -1 -1 -1 -1 
169 4 581 193 134 81 -1 -1 -1 -1 
169 6 660 421 136 115 -1 -1 -1 -1 
169 8 315 447 141 102 -1 -1 -1 -1 
169 9 796 215 11 19 -1 -1 -1 -1 
170 1 524 181 64 72 -1 -1 -1 -1 
170 2 737 177 70 79 -1 -1 -1 -1 
170 3 846 435 92 100 -1 -1 -1 -1 
170 4 582 192 129 82 -1 -1 -1 -1 
170 6 660 421 136 115 -1 -1 -1 -1 
170 8 315 448 141 101 -1 -1 -1 -1 
170 9 796 216 11 19 -1 -1 -1 -1 
171 1 523 181 65 72 -1 -1 -1 -1 
171 2 737 177 70 80 -1 -1 -1 -1 
171 3 848 442 88 94 -1 -1 -1 -1 
171 4 581 191 127 83 -1 -1 -1 -1 
171 6 660 421 136 115 -1 -1 -1 -1 
171 8 315 448 141 101 -1 -1 -1 -1 
171 9 797 216 11 18 -1 -1 -1 -1 
172 1 524 181 64 72 -1 -1 -1 -1 
172 2 738 178 68 78 -1 -1 -1 -1 
172 3 848 443 87 93 -1 -1 -1 -1 
172 4 584 190 120 86 -1 -1 -1 -1 
172 6 661 421 135 115 -1 -1 -1 -1 
172 8 315 449 141 100 -1 -1 -1 -1 
172 9 797 216 11 19 -1 -1 -1 -1 
173 1 524 181 63 72 -1 -1 -1 -1 
173 2 737 179 69 78 -1 -1 -1 -1 
173 3 848 444 87 92 -1 -1 -1 -1 
173 4 580 192 123 82 -1 -1 -1 -1 
173 6 661 421 135 115 -1 -1 -1 -1 
173 8 314 450 142 99 -1 -1 -1 -1 
173 9 797 216 12 19 -1 -1 -1 -1 
174 1 524 181 63 72 -1 -1 -1 -1 
174 2 734 180 72 77 -1 -1 -1 -1 
174 3 851 443 85 93 -1 -1 -1 -1 
174 4 579 192 124 82 -1 -1 -1 -1 
174 6 661 421 135 115 -1 -1 -1 -1 
174 8 314 451 142 98 -1 -1 -1 -1 
174 9 797 215 12 20 -1 -1 -1 -1 
175 1 523 181 65 73 -1 -1 -1 -1 
175 2 734 181 72 75 -1 -1 -1 -1 
175 3 853 442 84 95 -1 -1 -1 -1 
175 4 579 191 123 83 -1 -1 -1 -1 
175 6 662 421 134 115 -1 -1 -1 -1 
175 8 315 450 140 100 -1 -1 -1 -1 
175 9 797 215 13 20 -1 -1 -1 -1 
176 1 523 181 64 73 -1 -1 -1 -1 
176 2 734 182 73 75 -1 -1 -1 -1 
176 3 853 441 84 96 -1 -1 -1 -1 
176 4 579 191 123 83 -1 -1 -1 -1 
176 6 662 421 134 115 -1 -1 -1 -1 
176 8 316 451 139 99 -1 -1 -1 -1 
176 9 797 215 13 21 -1 -1 -1 -1 
177 1 523 180 64 73 -1 -1 -1 -1 
177 2 734 183 73 75 -1 -1 -1 -1 
177 3 853 438 85 98 -1 -1 -1 -1 
177 4 578 190 124 84 -1 -1 -1 -1 
177 6 662 422 135 114 -1 -1 -1 -1 
177 8 317 450 138 100 -1 -1 -1 -1 
177 9 797 215 13 22 -1 -1 -1 -1 
178 1 523 179 64 74 -1 -1 -1 -1 
178 2 733 183 74 74 -1 -1 -1 -1 
178 3 854 438 84 98 -1 -1 -1 -1 
178 4 579 188 122 85 -1 -1 -1 -1 
178 6 659 421 139 115 -1 -1 -1 -1 
178 8 317 450 138 100 -1 -1 -1 -1 
178 9 797 215 13 22 -1 -1 -1 -1 
179 1 522 179 65 74 -1 -1 -1 -1 
179 2 732 183 75 74 -1 -1 -1 -1 
179 3 856 437 82 99 -1 -1 -1 -1 
179 4 579 188 121 85 -1 -1 -1 -1 
179 6 662 422 135 114 -1 -1 -1 -1 
179 8 317 451 138 99 -1 -1 -1 -1 
179 9 797 215 13 22 -1 -1 -1 -1 
180 1 523 178 64 75 -1 -1 -1 -1 
180 2 732 184 75 73 -1 -1 -1 -1 
180 3 856 436 82 100 -1 -1 -1 -1 
180 4 579 187 121 86 -1 -1 -1 -1 
180 6 662 422 135 114 -1 -1 -1 -1 
180 8 317 451 138 99 -1 -1 -1 -1 
180 9 797 214 14 23 -1 -1 -1 -1 
181 1 523 178 63 75 -1 -1 -1 -1 
181 2 732 184 74 73 -1 -1 -1 -1 
181 3 858 439 82 97 -1 -1 -1 -1 
181 4 579 187 121 86 -1 -1 -1 -1 
181 6 662 422 135 114 -1 -1 -1 -1 
181 8 317 451 138 99 -1 -1 -1 -1 
181 9 797 215 14 22 -1 -1 -1 -1 
182 1 523 178 63 75 -1 -1 -1 -1 
182 2 730 185 77 73 -1 -1 -1 -1 
182 3 858 439 88 97 -1 -1 -1 -1 
182 4 579 187 121 86 -1 -1 -1 -1 
182 6 659 421 141 115 -1 -1 -1 -1 
182 8 316 451 138 99 -1 -1 -1 -1 
182 9 797 215 14 22 -1 -1 -1 -1 
183 1 523 178 63 75 -1 -1 -1 -1 
183 2 731 184 77 74 -1 -1 -1 -1 
183 3 860 439 97 97 -1 -1 -1 -1 
183 4 578 186 122 86 -1 -1 -1 -1 
183 6 659 421 141 115 -1 -1 -1 -1 
183 8 316 451 138 99 -1 -1 -1 -1 
183 9 797 215 14 23 -1 -1 -1 -1 
184 1 523 178 63 75 -1 -1 -1 -1 
184 2 730 184 78 74 -1 -1 -1 -1 
184 3 861 440 100 96 -1 -1 -1 -1 
184 4 578 186 121 86 -1 -1 -1 -1 
184 6 660 421 141 115 -1 -1 -1 -1 
184 8 316 451 138 99 -1 -1 -1 -1 
184 9 797 215 14 23 -1 -1 -1 -1 
185 1 523 177 63 76 -1 -1 -1 -1 
185 2 730 184 79 74 -1 -1 -1 -1 
185 3 862 442 106 94 -1 -1 -1 -1 
185 4 579 186 121 86 -1 -1 -1 -1 
185 6 660 421 140 115 -1 -1 -1 -1 
185 8 316 451 138 99 -1 -1 -1 -1 
185 9 798 215 14 23 -1 -1 -1 -1 
186 1 523 177 63 76 -1 -1 -1 -1 
186 2 730 183 78 75 -1 -1 -1 -1 
186 3 863 442 109 93 -1 -1 -1 -1 
186 4 578 186 122 86 -1 -1 -1 -1 
186 6 660 422 141 114 -1 -1 -1 -1 
186 8 316 451 138 99 -1 -1 -1 -1 
186 9 798 215 14 23 -1 -1 -1 -1 
187 1 523 177 64 76 -1 -1 -1 -1 
187 2 730 183 79 75 -1 -1 -1 -1 
187 3 864 442 115 93 -1 -1 -1 -1 
187 4 579 186 122 86 -1 -1 -1 -1 
187 6 660 422 141 114 -1 -1 -1 -1 
187 8 317 451 137 98 -1 -1 -1 -1 
187 9 798 216 14 23 -1 -1 -1 -1 
188 1 523 177 63 76 -1 -1 -1 -1 
188 2 730 183 80 76 -1 -1 -1 -1 
188 3 864 442 121 93 -1 -1 -1 -1 
188 4 579 186 122 86 -1 -1 -1 -1 
188 6 659 422 142 114 -1 -1 -1 -1 
188 8 317 451 137 99 -1 -1 -1 -1 
188 9 799 216 14 23 -1 -1 -1 -1 
189 1 523 176 64 76 -1 -1 -1 -1 
189 2 730 182 81 77 -1 -1 -1 -1 
189 3 865 441 125 94 -1 -1 -1 -1 
189 4 578 185 123 87 -1 -1 -1 -1 
189 6 659 422 142 114 -1 -1 -1 -1 
189 8 317 451 137 99 -1 -1 -1 -1 
189 9 799 216 14 23 -1 -1 -1 -1 
190 1 523 175 63 77 -1 -1 -1 -1 
190 2 730 182 81 77 -1 -1 -1 -1 
190 3 865 441 130 94 -1 -1 -1 -1 
190 4 578 185 122 87 -1 -1 -1 -1 
190 6 660 422 141 114 -1 -1 -1 -1 
190 8 317 451 137 99 -1 -1 -1 -1 
190 9 799 216 14 23 -1 -1 -1 -1 
191 1 523 175 64 77 -1 -1 -1 -1 
191 2 729 183 82 76 -1 -1 -1 -1 
191 3 867 441 132 95 -1 -1 -1 -1 
191 4 578 186 122 86 -1 -1 -1 -1 
191 6 660 423 142 113 -1 -1 -1 -1 
191 8 316 451 138 99 -1 -1 -1 -1 
191 9 800 216 14 23 -1 -1 -1 -1 
192 1 522 174 64 78 -1 -1 -1 -1 
192 2 729 183 83 76 -1 -1 -1 -1 
192 3 868 442 133 94 -1 -1 -1 -1 
192 4 579 186 120 86 -1 -1 -1 -1 
192 6 660 423 142 113 -1 -1 -1 -1 
192 8 316 450 139 100 -1 -1 -1 -1 
192 9 800 217 14 23 -1 -1 -1 -1 
193 1 523 173 63 79 -1 -1 -1 -1 
193 2 730 183 83 76 -1 -1 -1 -1 
193 3 869 442 132 94 -1 -1 -1 -1 
193 4 580 186 119 86 -1 -1 -1 -1 
193 6 660 423 143 113 -1 -1 -1 -1 
193 8 317 451 138 99 -1 -1 -1 -1 
193 9 801 217 13 23 -1 -1 -1 -1 
194 1 523 172 62 80 -1 -1 -1 -1 
194 2 731 184 81 76 -1 -1 -1 -1 
194 3 871 442 130 94 -1 -1 -1 -1 
194 4 582 187 117 85 -1 -1 -1 -1 
194 6 659 423 144 113 -1 -1 -1 -1 
194 8 317 451 137 99 -1 -1 -1 -1 
194 9 801 217 14 23 -1 -1 -1 -1 
195 1 523 172 61 80 -1 -1 -1 -1 
195 2 731 185 80 75 -1 -1 -1 -1 
195 3 873 441 128 95 -1 -1 -1 -1 
195 4 583 187 116 85 -1 -1 -1 -1 
195 6 659 423 144 114 -1 -1 -1 -1 
195 8 317 450 138 100 -1 -1 -1 -1 
195 9 802 217 13 23 -1 -1 -1 -1 
196 1 522 170 61 82 -1 -1 -1 -1 
196 2 731 186 81 74 -1 -1 -1 -1 
196 3 873 435 130 101 -1 -1 -1 -1 
196 4 583 187 116 85 -1 -1 -1 -1 
196 6 658 423 146 114 -1 -1 -1 -1 
196 8 317 450 138 100 -1 -1 -1 -1 
196 9 802 217 13 23 -1 -1 -1 -1 
197 1 522 169 61 82 -1 -1 -1 -1 
197 2 731 187 82 73 -1 -1 -1 -1 
197 3 873 431 131 105 -1 -1 -1 -1 
197 4 583 187 117 85 -1 -1 -1 -1 
197 6 658 423 146 114 -1 -1 -1 -1 
197 8 317 450 138 100 -1 -1 -1 -1 
197 9 803 217 12 22 -1 -1 -1 -1 
198 1 522 167 61 84 -1 -1 -1 -1 
198 2 731 188 81 73 -1 -1 -1 -1 
198 3 877 427 126 111 -1 -1 -1 -1 
198 4 583 188 117 85 -1 -1 -1 -1 
198 6 658 424 148 113 -1 -1 -1 -1 
198 8 317 449 138 101 -1 -1 -1 -1 
198 9 804 217 12 22 -1 -1 -1 -1 
199 1 521 165 62 86 -1 -1 -1 -1 
199 2 731 188 81 73 -1 -1 -1 -1 
199 3 879 428 125 110 -1 -1 -1 -1 
199 4 583 188 117 85 -1 -1 -1 -1 
199 6 658 424 149 113 -1 -1 -1 -1 
199 8 317 449 138 101 -1 -1 -1 -1 
199 9 804 217 12 23 -1 -1 -1 -1 
200 1 522 165 62 86 -1 -1 -1 -1 
200 2 731 188 82 72 -1 -1 -1 -1 
200 3 878 429 127 110 -1 -1 -1 -1 
200 4 583 188 117 85 -1 -1 -1 -1 
200 6 658 425 150 112 -1 -1 -1 -1 
200 8 317 449 138 101 -1 -1 -1 -1 
200 9 804 216 13 24 -1 -1 -1 -1 
201 1 522 163 63 87 -1 -1 -1 -1 
201 2 730 187 82 73 -1 -1 -1 -1 
201 3 878 431 128 109 -1 -1 -1 -1 
201 4 583 189 116 84 -1 -1 -1 -1 
201 6 658 426 150 111 -1 -1 -1 -1 
201 8 318 450 137 100 -1 -1 -1 -1 
201 9 805 216 12 24 -1 -1 -1 -1 
202 1 522 162 63 88 -1 -1 -1 -1 
202 2 730 188 83 73 -1 -1 -1 -1 
202 3 879 435 129 105 -1 -1 -1 -1 
202 4 582 190 119 83 -1 -1 -1 -1 
202 6 657 427 152 110 -1 -1 -1 -1 
202 8 318 450 137 100 -1 -1 -1 -1 
202 9 805 216 12 24 -1 -1 -1 -1 
203 1 522 161 63 89 -1 -1 -1 -1 
203 2 729 188 86 72 -1 -1 -1 -1 
203 3 879 434 130 106 -1 -1 -1 -1 
203 4 584 188 117 85 -1 -1 -1 -1 
203 6 657 428 152 109 -1 -1 -1 -1 
203 8 318 449 137 101 -1 -1 -1 -1 
203 9 805 217 12 24 -1 -1 -1 -1 
204 1 522 158 63 93 -1 -1 -1 -1 
204 2 729 189 87 72 -1 -1 -1 -1 
204 3 879 435 131 106 -1 -1 -1 -1 
204 4 584 188 116 85 -1 -1 -1 -1 
204 6 656 428 153 109 -1 -1 -1 -1 
204 8 318 449 137 101 -1 -1 -1 -1 
204 9 805 216 13 25 -1 -1 -1 -1 
205 1 522 157 63 93 -1 -1 -1 -1 
205 2 729 189 87 72 -1 -1 -1 -1 
205 3 879 433 131 108 -1 -1 -1 -1 
205 4 584 187 116 86 -1 -1 -1 -1 
205 6 656 428 153 110 -1 -1 -1 -1 
205 8 319 449 137 101 -1 -1 -1 -1 
205 9 805 216 13 25 -1 -1 -1 -1 
206 1 522 156 63 94 -1 -1 -1 -1 
206 2 729 190 89 71 -1 -1 -1 -1 
206 3 879 432 131 109 -1 -1 -1 -1 
206 4 584 187 116 86 -1 -1 -1 -1 
206 6 656 428 153 110 -1 -1 -1 -1 
206 8 319 449 137 101 -1 -1 -1 -1 
207 1 522 155 63 94 -1 -1 -1 -1 
207 2 729 191 90 70 -1 -1 -1 -1 
207 3 880 430 132 111 -1 -1 -1 -1 
207 4 584 187 116 86 -1 -1 -1 -1 
207 6 657 428 151 110 -1 -1 -1 -1 
207 8 319 448 137 102 -1 -1 -1 -1 
208 1 522 154 63 95 -1 -1 -1 -1 
208 2 729 192 92 70 -1 -1 -1 -1 
208 3 880 428 133 113 -1 -1 -1 -1 
208 4 584 187 115 86 -1 -1 -1 -1 
208 6 657 428 151 110 -1 -1 -1 -1 
208 8 318 448 141 101 -1 -1 -1 -1 
209 1 522 154 63 95 -1 -1 -1 -1 
209 2 730 192 95 70 -1 -1 -1 -1 
209 3 881 427 132 114 -1 -1 -1 -1 
209 4 586 186 114 87 -1 -1 -1 -1 
209 6 658 427 150 111 -1 -1 -1 -1 
209 8 318 448 141 101 -1 -1 -1 -1 
210 1 521 154 63 95 -1 -1 -1 -1 
210 2 730 193 100 69 -1 -1 -1 -1 
210 3 881 426 133 116 -1 -1 -1 -1 
210 4 586 188 113 85 -1 -1 -1 -1 
210 6 658 427 150 111 -1 -1 -1 -1 
210 8 319 449 137 101 -1 -1 -1 -1 
211 1 521 153 63 95 -1 -1 -1 -1 
211 2 732 192 102 70 -1 -1 -1 -1 
211 3 879 426 139 116 -1 -1 -1 -1 
211 4 589 187 110 86 -1 -1 -1 -1 
211 6 658 427 150 111 -1 -1 -1 -1 
211 8 319 449 137 101 -1 -1 -1 -1 
212 1 520 153 64 95 -1 -1 -1 -1 
212 2 736 191 103 71 -1 -1 -1 -1 
212 3 878 425 143 117 -1 -1 -1 -1 
212 4 591 187 108 86 -1 -1 -1 -1 
212 6 658 427 147 111 -1 -1 -1 -1 
212 8 319 450 137 100 -1 -1 -1 -1 
212 11 927 111 60 130 -1 -1 -1 -1 
213 1 520 152 64 96 -1 -1 -1 -1 
213 2 740 189 105 73 -1 -1 -1 -1 
213 3 878 425 145 117 -1 -1 -1 -1 
213 4 592 187 107 86 -1 -1 -1 -1 
213 6 658 427 148 111 -1 -1 -1 -1 
213 8 320 450 136 100 -1 -1 -1 -1 
213 11 925 111 61 132 -1 -1 -1 -1 
214 1 519 152 66 96 -1 -1 -1 -1 
214 2 745 188 103 74 -1 -1 -1 -1 
214 3 877 426 148 116 -1 -1 -1 -1 
214 4 594 187 105 86 -1 -1 -1 -1 
214 6 659 427 148 110 -1 -1 -1 -1 
214 8 320 451 136 99 -1 -1 -1 -1 
214 11 924 110 58 133 -1 -1 -1 -1 
215 1 519 152 66 96 -1 -1 -1 -1 
215 2 753 188 98 75 -1 -1 -1 -1 
215 3 877 425 150 117 -1 -1 -1 -1 
215 4 596 186 104 87 -1 -1 -1 -1 
215 6 660 426 148 111 -1 -1 -1 -1 
215 8 320 450 136 100 -1 -1 -1 -1 
215 11 921 111 59 132 -1 -1 -1 -1 
216 1 519 152 66 96 -1 -1 -1 -1 
216 2 763 188 90 73 -1 -1 -1 -1 
216 3 877 425 150 117 -1 -1 -1 -1 
216 4 597 185 103 88 -1 -1 -1 -1 
216 6 661 426 147 112 -1 -1 -1 -1 
216 8 319 449 140 100 -1 -1 -1 -1 
216 11 919 113 58 130 -1 -1 -1 -1 
217 1 519 151 66 97 -1 -1 -1 -1 
217 2 770 187 84 76 -1 -1 -1 -1 
217 3 876 424 154 118 -1 -1 -1 -1 
217 4 596 185 103 88 -1 -1 -1 -1 
217 6 660 426 147 112 -1 -1 -1 -1 
217 8 319 450 140 99 -1 -1 -1 -1 
218 1 518 151 67 97 -1 -1 -1 -1 
218 2 769 187 85 76 -1 -1 -1 -1 
218 3 876 425 155 117 -1 -1 -1 -1 
218 4 597 185 103 88 -1 -1 -1 -1 
218 6 660 425 147 113 -1 -1 -1 -1 
218 8 319 452 137 98 -1 -1 -1 -1 
219 1 518 151 67 97 -1 -1 -1 -1 
219 2 767 188 88 75 -1 -1 -1 -1 
219 3 876 425 153 118 -1 -1 -1 -1 
219 4 596 185 104 88 -1 -1 -1 -1 
219 6 660 425 147 113 -1 -1 -1 -1 
219 8 319 452 137 98 -1 -1 -1 -1 
220 1 518 151 67 97 -1 -1 -1 -1 
220 2 768 189 86 74 -1 -1 -1 -1 
220 3 876 425 153 118 -1 -1 -1 -1 
220 4 596 184 103 89 -1 -1 -1 -1 
220 6 659 425 148 113 -1 -1 -1 -1 
220 8 319 452 136 98 -1 -1 -1 -1 
220 11 911 115 40 129 -1 -1 -1 -1 
221 1 518 151 66 97 -1 -1 -1 -1 
221 2 768 189 85 74 -1 -1 -1 -1 
221 3 875 425 154 119 -1 -1 -1 -1 
221 4 595 184 105 89 -1 -1 -1 -1 
221 6 657 424 150 112 -1 -1 -1 -1 
221 8 319 453 137 97 -1 -1 -1 -1 
221 11 906 116 39 130 -1 -1 -1 -1 
222 1 518 151 66 97 -1 -1 -1 -1 
222 2 768 190 85 73 -1 -1 -1 -1 
222 3 874 426 156 118 -1 -1 -1 -1 
222 4 595 184 105 89 -1 -1 -1 -1 
222 6 656 423 152 113 -1 -1 -1 -1 
222 8 319 453 137 97 -1 -1 -1 -1 
222 11 902 118 38 127 -1 -1 -1 -1 
223 1 518 151 66 97 -1 -1 -1 -1 
223 2 769 190 85 73 -1 -1 -1 -1 
223 3 873 426 157 118 -1 -1 -1 -1 
223 4 595 184 104 89 -1 -1 -1 -1 
223 6 654 423 153 113 -1 -1 -1 -1 
223 8 319 453 137 97 -1 -1 -1 -1 
223 11 897 120 41 125 -1 -1 -1 -1 
224 1 518 152 65 96 -1 -1 -1 -1 
224 2 769 190 83 73 -1 -1 -1 -1 
224 3 873 426 157 118 -1 -1 -1 -1 
224 4 594 184 104 89 -1 -1 -1 -1 
224 6 652 422 155 114 -1 -1 -1 -1 
224 8 319 452 140 96 -1 -1 -1 -1 
224 11 892 122 44 122 -1 -1 -1 -1 
225 1 518 152 63 96 -1 -1 -1 -1 
225 2 769 190 85 73 -1 -1 -1 -1 
225 3 872 426 158 118 -1 -1 -1 -1 
225 4 594 184 103 89 -1 -1 -1 -1 
225 6 650 423 159 113 -1 -1 -1 -1 
225 8 319 452 140 96 -1 -1 -1 -1 
226 1 518 153 63 94 -1 -1 -1 -1 
226 2 769 191 87 72 -1 -1 -1 -1 
226 3 872 428 158 117 -1 -1 -1 -1 
226 4 594 184 102 88 -1 -1 -1 -1 
226 6 649 422 160 114 -1 -1 -1 -1 
226 8 319 451 141 97 -1 -1 -1 -1 
226 11 874 126 60 117 -1 -1 -1 -1 
227 1 518 153 62 94 -1 -1 -1 -1 
227 2 769 192 90 71 -1 -1 -1 -1 
227 3 870 429 160 116 -1 -1 -1 -1 
227 4 592 185 106 88 -1 -1 -1 -1 
227 6 647 422 162 114 -1 -1 -1 -1 
227 8 318 451 142 97 -1 -1 -1 -1 
227 11 869 127 64 117 -1 -1 -1 -1 
228 1 518 153 62 94 -1 -1 -1 -1 
228 2 770 193 95 69 -1 -1 -1 -1 
228 3 870 429 161 116 -1 -1 -1 -1 
228 4 591 185 108 87 -1 -1 -1 -1 
228 6 645 423 166 114 -1 -1 -1 -1 
228 8 319 452 141 96 -1 -1 -1 -1 
228 11 864 128 69 115 -1 -1 -1 -1 
229 1 518 154 62 93 -1 -1 -1 -1 
229 2 769 192 98 70 -1 -1 -1 -1 
229 3 870 430 161 116 -1 -1 -1 -1 
229 4 589 185 111 88 -1 -1 -1 -1 
229 6 643 423 168 114 -1 -1 -1 -1 
229 8 318 453 139 97 -1 -1 -1 -1 
229 11 859 132 74 111 -1 -1 -1 -1 
230 1 519 154 61 93 -1 -1 -1 -1 
230 2 769 193 99 68 -1 -1 -1 -1 
230 3 869 430 162 116 -1 -1 -1 -1 
230 4 587 185 113 87 -1 -1 -1 -1 
230 6 635 421 175 116 -1 -1 -1 -1 
230 8 318 453 139 97 -1 -1 -1 -1 
230 11 852 136 80 108 -1 -1 -1 -1 
231 1 519 155 60 93 -1 -1 -1 -1 
231 2 769 190 98 71 -1 -1 -1 -1 
231 3 869 430 161 116 -1 -1 -1 -1 
231 4 586 185 114 87 -1 -1 -1 -1 
231 6 632 422 178 115 -1 -1 -1 -1 
231 8 318 453 139 97 -1 -1 -1 -1 
231 11 848 138 83 108 -1 -1 -1 -1 
