4 1 1025 81 52 138 -1 -1 -1 -1 
4 2 907 69 50 157 -1 -1 -1 -1 
4 3 623 320 82 115 -1 -1 -1 -1 
4 4 265 78 89 147 -1 -1 -1 -1 
4 6 920 133 20 23 -1 -1 -1 -1 
4 7 1044 136 17 20 -1 -1 -1 -1 
4 10 905 69 52 158 -1 -1 -1 -1 
5 1 1025 81 51 138 -1 -1 -1 -1 
5 2 907 69 50 157 -1 -1 -1 -1 
5 3 623 319 81 115 -1 -1 -1 -1 
5 4 263 78 91 147 -1 -1 -1 -1 
5 6 920 133 20 23 -1 -1 -1 -1 
5 7 1044 135 17 20 -1 -1 -1 -1 
5 10 905 69 52 159 -1 -1 -1 -1 
6 1 1025 81 51 138 -1 -1 -1 -1 
6 2 907 68 50 158 -1 -1 -1 -1 
6 3 624 318 79 116 -1 -1 -1 -1 
6 4 262 77 92 148 -1 -1 -1 -1 
6 6 920 133 20 23 -1 -1 -1 -1 
6 7 1044 136 16 20 -1 -1 -1 -1 
6 10 905 68 52 160 -1 -1 -1 -1 
7 1 1026 81 50 138 -1 -1 -1 -1 
7 2 907 68 50 158 -1 -1 -1 -1 
7 3 624 317 78 117 -1 -1 -1 -1 
7 4 261 77 92 148 -1 -1 -1 -1 
7 6 920 133 20 23 -1 -1 -1 -1 
7 7 1044 135 17 20 -1 -1 -1 -1 
7 10 905 68 52 160 -1 -1 -1 -1 
8 1 1026 81 50 138 -1 -1 -1 -1 
8 2 907 68 50 158 -1 -1 -1 -1 
8 3 624 316 77 118 -1 -1 -1 -1 
8 4 260 77 94 148 -1 -1 -1 -1 
8 6 920 133 20 23 -1 -1 -1 -1 
8 7 1044 135 17 20 -1 -1 -1 -1 
8 10 905 68 52 159 -1 -1 -1 -1 
8 11 279 137 14 21 -1 -1 -1 -1 
9 1 1026 81 50 138 -1 -1 -1 -1 
9 2 907 69 50 157 -1 -1 -1 -1 
9 3 624 315 76 118 -1 -1 -1 -1 
9 4 259 77 95 148 -1 -1 -1 -1 
9 6 920 133 20 23 -1 -1 -1 -1 
9 7 1044 135 17 21 -1 -1 -1 -1 
9 10 905 68 52 159 -1 -1 -1 -1 
9 11 279 137 13 21 -1 -1 -1 -1 
10 1 1026 81 50 138 -1 -1 -1 -1 
10 2 907 69 50 157 -1 -1 -1 -1 
10 3 625 315 75 118 -1 -1 -1 -1 
10 4 259 77 95 148 -1 -1 -1 -1 
10 6 920 133 20 23 -1 -1 -1 -1 
10 7 1044 136 17 20 -1 -1 -1 -1 
10 10 906 68 51 159 -1 -1 -1 -1 
10 11 279 137 13 21 -1 -1 -1 -1 
11 1 1026 81 50 138 -1 -1 -1 -1 
11 2 907 69 50 157 -1 -1 -1 -1 
11 3 624 316 76 115 -1 -1 -1 -1 
11 4 258 77 95 148 -1 -1 -1 -1 
11 6 920 133 20 23 -1 -1 -1 -1 
11 7 1044 136 17 21 -1 -1 -1 -1 
11 10 906 68 51 159 -1 -1 -1 -1 
11 11 279 137 13 21 -1 -1 -1 -1 
12 1 1026 81 49 138 -1 -1 -1 -1 
12 2 907 68 50 158 -1 -1 -1 -1 
12 3 624 316 75 116 -1 -1 -1 -1 
12 4 257 77 97 148 -1 -1 -1 -1 
12 6 920 133 20 22 -1 -1 -1 -1 
12 7 1048 138 16 22 -1 -1 -1 -1 
12 10 906 68 51 159 -1 -1 -1 -1 
12 11 279 137 13 21 -1 -1 -1 -1 
13 1 1026 81 49 138 -1 -1 -1 -1 
13 2 907 69 50 157 -1 -1 -1 -1 
13 3 624 316 74 116 -1 -1 -1 -1 
13 4 257 77 97 148 -1 -1 -1 -1 
13 6 920 133 20 22 -1 -1 -1 -1 
13 7 1044 137 18 21 -1 -1 -1 -1 
13 10 906 68 51 159 -1 -1 -1 -1 
13 11 279 137 13 21 -1 -1 -1 -1 
14 1 1026 81 50 138 -1 -1 -1 -1 
14 2 907 69 50 157 -1 -1 -1 -1 
14 3 624 316 72 115 -1 -1 -1 -1 
14 4 257 77 97 148 -1 -1 -1 -1 
14 6 920 133 20 22 -1 -1 -1 -1 
14 7 1045 137 17 22 -1 -1 -1 -1 
14 10 906 68 51 159 -1 -1 -1 -1 
14 11 279 137 13 20 -1 -1 -1 -1 
15 1 1026 81 50 138 -1 -1 -1 -1 
15 2 907 69 50 157 -1 -1 -1 -1 
15 3 623 316 72 115 -1 -1 -1 -1 
15 4 256 77 98 148 -1 -1 -1 -1 
15 6 920 133 20 22 -1 -1 -1 -1 
15 7 1049 139 16 23 -1 -1 -1 -1 
15 10 906 68 51 159 -1 -1 -1 -1 
15 11 279 137 13 20 -1 -1 -1 -1 
16 1 1026 81 51 138 -1 -1 -1 -1 
16 2 907 69 50 157 -1 -1 -1 -1 
16 3 623 316 70 115 -1 -1 -1 -1 
16 4 256 77 98 148 -1 -1 -1 -1 
16 6 920 132 20 23 -1 -1 -1 -1 
16 7 1043 138 18 21 -1 -1 -1 -1 
16 10 906 68 51 159 -1 -1 -1 -1 
16 11 279 137 12 21 -1 -1 -1 -1 
17 1 1027 81 50 138 -1 -1 -1 -1 
17 2 907 68 49 157 -1 -1 -1 -1 
17 3 621 316 71 114 -1 -1 -1 -1 
17 4 256 77 97 148 -1 -1 -1 -1 
17 6 920 133 20 23 -1 -1 -1 -1 
17 7 1043 138 18 21 -1 -1 -1 -1 
17 10 905 68 52 159 -1 -1 -1 -1 
17 11 278 137 13 20 -1 -1 -1 -1 
18 1 1028 81 49 138 -1 -1 -1 -1 
18 2 907 68 49 157 -1 -1 -1 -1 
18 3 620 313 71 119 -1 -1 -1 -1 
18 4 256 76 96 149 -1 -1 -1 -1 
18 6 920 133 20 23 -1 -1 -1 -1 
18 7 1044 138 18 21 -1 -1 -1 -1 
18 10 905 68 52 159 -1 -1 -1 -1 
18 11 278 137 13 20 -1 -1 -1 -1 
19 1 1029 81 48 138 -1 -1 -1 -1 
19 2 907 68 49 157 -1 -1 -1 -1 
19 3 618 312 73 120 -1 -1 -1 -1 
19 4 255 77 96 148 -1 -1 -1 -1 
19 6 920 133 20 23 -1 -1 -1 -1 
19 7 1044 138 18 21 -1 -1 -1 -1 
19 10 905 68 52 159 -1 -1 -1 -1 
19 11 278 137 12 21 -1 -1 -1 -1 
20 1 1030 81 47 138 -1 -1 -1 -1 
20 2 907 68 49 157 -1 -1 -1 -1 
20 3 616 312 75 118 -1 -1 -1 -1 
20 4 255 76 96 149 -1 -1 -1 -1 
20 6 920 133 20 23 -1 -1 -1 -1 
20 7 1044 138 18 21 -1 -1 -1 -1 
20 10 906 68 51 159 -1 -1 -1 -1 
20 11 278 137 12 21 -1 -1 -1 -1 
21 1 1030 80 48 139 -1 -1 -1 -1 
21 2 907 68 49 157 -1 -1 -1 -1 
21 3 615 308 75 122 -1 -1 -1 -1 
21 4 255 76 96 149 -1 -1 -1 -1 
21 6 920 133 20 22 -1 -1 -1 -1 
21 7 1043 138 19 20 -1 -1 -1 -1 
21 10 905 68 52 159 -1 -1 -1 -1 
21 11 278 137 12 21 -1 -1 -1 -1 
22 1 1030 81 48 138 -1 -1 -1 -1 
22 2 907 68 49 157 -1 -1 -1 -1 
22 3 614 305 76 127 -1 -1 -1 -1 
22 4 256 76 95 149 -1 -1 -1 -1 
22 6 920 133 20 22 -1 -1 -1 -1 
22 7 1043 137 20 21 -1 -1 -1 -1 
22 10 905 68 52 159 -1 -1 -1 -1 
22 11 278 137 12 21 -1 -1 -1 -1 
23 1 1030 81 48 138 -1 -1 -1 -1 
23 2 907 68 49 157 -1 -1 -1 -1 
23 3 614 303 72 135 -1 -1 -1 -1 
23 4 255 75 95 150 -1 -1 -1 -1 
23 6 920 133 20 22 -1 -1 -1 -1 
23 7 1044 135 21 21 -1 -1 -1 -1 
23 10 905 68 52 159 -1 -1 -1 -1 
24 1 1030 81 49 138 -1 -1 -1 -1 
24 2 907 68 49 157 -1 -1 -1 -1 
24 3 612 300 72 139 -1 -1 -1 -1 
24 4 255 75 95 150 -1 -1 -1 -1 
24 6 920 133 20 23 -1 -1 -1 -1 
24 7 1043 134 21 22 -1 -1 -1 -1 
24 10 905 68 52 159 -1 -1 -1 -1 
24 11 278 136 12 21 -1 -1 -1 -1 
25 1 1030 81 49 138 -1 -1 -1 -1 
25 2 907 68 49 157 -1 -1 -1 -1 
25 3 611 298 70 142 -1 -1 -1 -1 
25 4 255 75 96 150 -1 -1 -1 -1 
25 6 920 133 20 23 -1 -1 -1 -1 
25 7 1043 135 21 21 -1 -1 -1 -1 
25 10 905 68 52 159 -1 -1 -1 -1 
25 11 278 136 12 21 -1 -1 -1 -1 
26 1 1030 81 49 138 -1 -1 -1 -1 
26 2 907 68 49 157 -1 -1 -1 -1 
26 3 611 296 68 142 -1 -1 -1 -1 
26 4 255 74 96 151 -1 -1 -1 -1 
26 6 920 133 20 23 -1 -1 -1 -1 
26 7 1044 135 21 21 -1 -1 -1 -1 
26 10 905 68 52 159 -1 -1 -1 -1 
26 11 278 136 12 22 -1 -1 -1 -1 
27 1 1030 81 49 138 -1 -1 -1 -1 
27 2 907 68 49 157 -1 -1 -1 -1 
27 3 610 294 66 146 -1 -1 -1 -1 
27 4 256 74 95 151 -1 -1 -1 -1 
27 6 920 133 20 23 -1 -1 -1 -1 
27 7 1043 134 22 22 -1 -1 -1 -1 
27 10 905 68 52 159 -1 -1 -1 -1 
27 11 278 136 12 22 -1 -1 -1 -1 
28 1 1030 81 50 138 -1 -1 -1 -1 
28 2 907 68 49 157 -1 -1 -1 -1 
28 3 609 290 65 150 -1 -1 -1 -1 
28 4 256 73 96 151 -1 -1 -1 -1 
28 6 921 133 19 22 -1 -1 -1 -1 
28 7 1043 135 20 20 -1 -1 -1 -1 
28 10 905 68 52 159 -1 -1 -1 -1 
28 11 277 136 12 22 -1 -1 -1 -1 
29 1 1030 81 50 138 -1 -1 -1 -1 
29 2 907 68 49 157 -1 -1 -1 -1 
29 3 609 288 63 153 -1 -1 -1 -1 
29 4 256 74 96 150 -1 -1 -1 -1 
29 6 921 134 19 21 -1 -1 -1 -1 
29 7 1043 135 20 20 -1 -1 -1 -1 
30 1 1030 81 50 138 -1 -1 -1 -1 
30 2 907 68 49 157 -1 -1 -1 -1 
30 3 609 286 62 155 -1 -1 -1 -1 
30 4 256 74 96 150 -1 -1 -1 -1 
30 6 921 134 19 21 -1 -1 -1 -1 
30 7 1043 135 20 20 -1 -1 -1 -1 
31 1 1030 80 50 139 -1 -1 -1 -1 
31 2 907 68 49 157 -1 -1 -1 -1 
31 3 608 282 62 158 -1 -1 -1 -1 
31 4 256 74 96 150 -1 -1 -1 -1 
31 6 921 133 19 22 -1 -1 -1 -1 
31 7 1043 136 20 20 -1 -1 -1 -1 
31 10 906 68 51 159 -1 -1 -1 -1 
32 1 1030 81 50 138 -1 -1 -1 -1 
32 2 907 68 49 157 -1 -1 -1 -1 
32 3 608 280 62 158 -1 -1 -1 -1 
32 4 257 74 95 150 -1 -1 -1 -1 
32 6 921 133 19 22 -1 -1 -1 -1 
32 7 1044 137 20 20 -1 -1 -1 -1 
32 10 905 68 52 159 -1 -1 -1 -1 
33 1 1030 81 50 138 -1 -1 -1 -1 
33 2 907 68 49 157 -1 -1 -1 -1 
33 3 608 278 61 161 -1 -1 -1 -1 
33 4 257 74 95 150 -1 -1 -1 -1 
33 6 921 133 19 22 -1 -1 -1 -1 
33 7 1044 137 20 20 -1 -1 -1 -1 
33 10 905 68 52 159 -1 -1 -1 -1 
34 1 1030 81 50 138 -1 -1 -1 -1 
34 2 907 68 49 157 -1 -1 -1 -1 
34 3 609 276 60 159 -1 -1 -1 -1 
34 4 256 74 96 150 -1 -1 -1 -1 
34 6 921 133 19 22 -1 -1 -1 -1 
34 7 1043 137 21 21 -1 -1 -1 -1 
35 1 1030 81 50 138 -1 -1 -1 -1 
35 2 907 68 49 157 -1 -1 -1 -1 
35 3 609 273 59 161 -1 -1 -1 -1 
35 4 255 75 90 152 -1 -1 -1 -1 
35 6 921 133 19 22 -1 -1 -1 -1 
35 7 1044 139 19 21 -1 -1 -1 -1 
35 10 905 68 52 159 -1 -1 -1 -1 
36 1 1029 81 50 138 -1 -1 -1 -1 
36 2 907 68 49 157 -1 -1 -1 -1 
36 3 609 272 58 159 -1 -1 -1 -1 
36 4 255 75 90 152 -1 -1 -1 -1 
36 6 921 133 19 22 -1 -1 -1 -1 
36 7 1043 139 20 21 -1 -1 -1 -1 
36 10 905 68 52 159 -1 -1 -1 -1 
37 1 1029 81 50 138 -1 -1 -1 -1 
37 2 907 68 49 157 -1 -1 -1 -1 
37 3 609 270 57 160 -1 -1 -1 -1 
37 4 255 75 91 152 -1 -1 -1 -1 
37 6 921 133 19 22 -1 -1 -1 -1 
37 7 1042 139 19 21 -1 -1 -1 -1 
37 10 906 68 51 159 -1 -1 -1 -1 
38 1 1028 81 51 138 -1 -1 -1 -1 
38 2 907 68 49 157 -1 -1 -1 -1 
38 3 609 268 56 160 -1 -1 -1 -1 
38 4 255 75 89 152 -1 -1 -1 -1 
38 6 920 133 19 22 -1 -1 -1 -1 
38 7 1042 140 18 20 -1 -1 -1 -1 
38 10 905 68 52 159 -1 -1 -1 -1 
39 1 1027 81 51 138 -1 -1 -1 -1 
39 2 907 68 49 157 -1 -1 -1 -1 
39 3 609 266 56 162 -1 -1 -1 -1 
39 4 256 73 96 151 -1 -1 -1 -1 
39 6 920 133 19 22 -1 -1 -1 -1 
39 7 1042 139 18 21 -1 -1 -1 -1 
39 10 905 68 52 159 -1 -1 -1 -1 
40 1 1026 81 52 138 -1 -1 -1 -1 
40 2 907 68 49 157 -1 -1 -1 -1 
40 3 609 265 55 163 -1 -1 -1 -1 
40 4 255 75 89 152 -1 -1 -1 -1 
40 6 921 133 19 22 -1 -1 -1 -1 
40 7 1043 139 17 21 -1 -1 -1 -1 
40 10 905 68 52 159 -1 -1 -1 -1 
41 1 1025 81 52 138 -1 -1 -1 -1 
41 2 907 68 49 157 -1 -1 -1 -1 
41 3 609 263 56 165 -1 -1 -1 -1 
41 4 257 74 95 150 -1 -1 -1 -1 
41 6 920 133 20 22 -1 -1 -1 -1 
41 7 1044 139 16 20 -1 -1 -1 -1 
41 10 905 68 52 159 -1 -1 -1 -1 
42 1 1024 81 53 138 -1 -1 -1 -1 
42 2 907 68 49 157 -1 -1 -1 -1 
42 3 609 261 56 167 -1 -1 -1 -1 
42 4 257 74 95 150 -1 -1 -1 -1 
42 6 920 133 20 22 -1 -1 -1 -1 
42 7 1045 139 17 23 -1 -1 -1 -1 
42 10 905 68 52 159 -1 -1 -1 -1 
43 1 1023 81 54 138 -1 -1 -1 -1 
43 2 907 68 49 156 -1 -1 -1 -1 
43 3 608 260 58 168 -1 -1 -1 -1 
43 4 257 74 95 150 -1 -1 -1 -1 
43 6 920 133 20 22 -1 -1 -1 -1 
43 7 1045 139 18 23 -1 -1 -1 -1 
44 1 1022 81 55 138 -1 -1 -1 -1 
44 2 907 68 50 156 -1 -1 -1 -1 
44 3 608 259 59 169 -1 -1 -1 -1 
44 4 257 74 95 150 -1 -1 -1 -1 
44 6 920 133 20 22 -1 -1 -1 -1 
44 7 1046 139 18 24 -1 -1 -1 -1 
45 1 1021 81 56 138 -1 -1 -1 -1 
45 2 907 68 50 156 -1 -1 -1 -1 
45 3 607 257 60 171 -1 -1 -1 -1 
45 4 256 74 96 151 -1 -1 -1 -1 
45 6 920 133 20 22 -1 -1 -1 -1 
45 7 1046 139 18 24 -1 -1 -1 -1 
46 1 1020 81 57 138 -1 -1 -1 -1 
46 2 907 68 50 156 -1 -1 -1 -1 
46 3 606 257 62 170 -1 -1 -1 -1 
46 4 257 74 95 150 -1 -1 -1 -1 
46 6 920 133 21 23 -1 -1 -1 -1 
46 7 1047 139 18 24 -1 -1 -1 -1 
46 12 1040 124 27 53 -1 -1 -1 -1 
47 1 1019 81 58 138 -1 -1 -1 -1 
47 2 907 68 49 156 -1 -1 -1 -1 
47 3 606 257 63 170 -1 -1 -1 -1 
47 4 257 74 95 150 -1 -1 -1 -1 
47 6 920 133 21 22 -1 -1 -1 -1 
47 7 1047 139 18 25 -1 -1 -1 -1 
47 12 1041 129 25 44 -1 -1 -1 -1 
48 1 1018 81 59 138 -1 -1 -1 -1 
48 2 907 68 49 156 -1 -1 -1 -1 
48 3 605 256 66 171 -1 -1 -1 -1 
48 4 256 73 95 152 -1 -1 -1 -1 
48 6 920 133 21 22 -1 -1 -1 -1 
48 7 1047 139 18 24 -1 -1 -1 -1 
48 12 1043 131 22 39 -1 -1 -1 -1 
49 1 1018 81 59 138 -1 -1 -1 -1 
49 2 907 68 49 156 -1 -1 -1 -1 
49 3 604 256 67 171 -1 -1 -1 -1 
49 4 256 74 95 151 -1 -1 -1 -1 
49 6 920 132 20 23 -1 -1 -1 -1 
49 7 1047 138 18 25 -1 -1 -1 -1 
50 1 1017 81 60 138 -1 -1 -1 -1 
50 2 907 68 49 156 -1 -1 -1 -1 
50 3 603 256 69 169 -1 -1 -1 -1 
50 4 256 74 95 151 -1 -1 -1 -1 
50 6 920 133 20 22 -1 -1 -1 -1 
50 7 1047 138 18 25 -1 -1 -1 -1 
51 1 1016 81 62 138 -1 -1 -1 -1 
51 2 907 68 49 156 -1 -1 -1 -1 
51 3 600 256 73 171 -1 -1 -1 -1 
51 4 256 74 95 151 -1 -1 -1 -1 
51 6 919 133 21 22 -1 -1 -1 -1 
51 7 1047 138 18 25 -1 -1 -1 -1 
52 1 1016 81 62 138 -1 -1 -1 -1 
52 2 907 68 49 156 -1 -1 -1 -1 
52 3 598 256 77 171 -1 -1 -1 -1 
52 4 256 74 95 151 -1 -1 -1 -1 
52 6 919 133 21 22 -1 -1 -1 -1 
52 7 1047 138 18 25 -1 -1 -1 -1 
52 10 905 68 52 159 -1 -1 -1 -1 
52 11 278 136 12 22 -1 -1 -1 -1 
53 1 1016 81 62 138 -1 -1 -1 -1 
53 2 906 68 51 158 -1 -1 -1 -1 
53 3 595 256 79 170 -1 -1 -1 -1 
53 4 256 74 95 151 -1 -1 -1 -1 
53 6 919 132 21 23 -1 -1 -1 -1 
53 7 1046 138 19 25 -1 -1 -1 -1 
53 10 905 68 52 159 -1 -1 -1 -1 
54 1 1016 81 62 138 -1 -1 -1 -1 
54 2 906 68 51 158 -1 -1 -1 -1 
54 3 591 257 84 169 -1 -1 -1 -1 
54 4 256 74 95 151 -1 -1 -1 -1 
54 6 919 132 21 23 -1 -1 -1 -1 
54 7 1046 138 19 24 -1 -1 -1 -1 
54 11 278 136 12 22 -1 -1 -1 -1 
55 1 1017 81 61 139 -1 -1 -1 -1 
55 2 907 68 50 157 -1 -1 -1 -1 
55 3 585 258 90 168 -1 -1 -1 -1 
55 4 256 74 95 151 -1 -1 -1 -1 
55 6 919 132 21 23 -1 -1 -1 -1 
55 7 1046 137 19 25 -1 -1 -1 -1 
55 11 278 136 12 22 -1 -1 -1 -1 
56 1 1017 81 61 139 -1 -1 -1 -1 
56 2 907 68 50 157 -1 -1 -1 -1 
56 3 581 259 93 167 -1 -1 -1 -1 
56 4 256 74 95 151 -1 -1 -1 -1 
56 6 919 132 21 23 -1 -1 -1 -1 
56 7 1047 137 18 25 -1 -1 -1 -1 
56 11 278 136 12 22 -1 -1 -1 -1 
57 1 1017 81 60 138 -1 -1 -1 -1 
57 2 907 68 50 157 -1 -1 -1 -1 
57 3 578 262 94 163 -1 -1 -1 -1 
57 4 256 73 95 152 -1 -1 -1 -1 
57 6 919 132 21 23 -1 -1 -1 -1 
57 7 1047 137 18 24 -1 -1 -1 -1 
57 10 905 68 52 159 -1 -1 -1 -1 
57 11 278 136 12 22 -1 -1 -1 -1 
58 1 1017 81 61 138 -1 -1 -1 -1 
58 2 907 68 50 158 -1 -1 -1 -1 
58 3 575 265 95 161 -1 -1 -1 -1 
58 4 256 73 95 152 -1 -1 -1 -1 
58 6 919 132 21 23 -1 -1 -1 -1 
58 7 1047 138 18 24 -1 -1 -1 -1 
58 10 905 68 52 159 -1 -1 -1 -1 
59 1 1017 81 60 138 -1 -1 -1 -1 
59 2 907 68 50 158 -1 -1 -1 -1 
59 3 570 267 99 159 -1 -1 -1 -1 
59 4 256 73 95 152 -1 -1 -1 -1 
59 6 919 132 21 23 -1 -1 -1 -1 
59 7 1047 138 17 24 -1 -1 -1 -1 
59 10 905 68 52 159 -1 -1 -1 -1 
59 11 278 136 12 22 -1 -1 -1 -1 
60 1 1017 81 60 138 -1 -1 -1 -1 
60 2 907 69 50 157 -1 -1 -1 -1 
60 3 568 268 100 158 -1 -1 -1 -1 
60 4 256 73 95 152 -1 -1 -1 -1 
60 6 919 132 21 23 -1 -1 -1 -1 
60 7 1047 138 17 25 -1 -1 -1 -1 
60 10 905 68 52 159 -1 -1 -1 -1 
61 1 1017 81 60 138 -1 -1 -1 -1 
61 2 907 68 50 158 -1 -1 -1 -1 
61 3 566 268 100 159 -1 -1 -1 -1 
61 4 256 74 95 151 -1 -1 -1 -1 
61 6 919 132 21 23 -1 -1 -1 -1 
61 7 1047 138 17 25 -1 -1 -1 -1 
61 11 278 136 12 22 -1 -1 -1 -1 
62 1 1018 81 58 138 -1 -1 -1 -1 
62 2 907 68 50 158 -1 -1 -1 -1 
62 3 565 269 99 159 -1 -1 -1 -1 
62 4 256 74 94 151 -1 -1 -1 -1 
62 6 919 132 21 23 -1 -1 -1 -1 
62 7 1047 138 17 25 -1 -1 -1 -1 
62 11 278 136 12 22 -1 -1 -1 -1 
63 1 1018 81 58 138 -1 -1 -1 -1 
63 2 907 68 50 158 -1 -1 -1 -1 
63 3 564 270 97 158 -1 -1 -1 -1 
63 4 256 74 94 151 -1 -1 -1 -1 
63 6 919 132 21 23 -1 -1 -1 -1 
63 7 1047 138 17 25 -1 -1 -1 -1 
63 11 278 136 12 22 -1 -1 -1 -1 
64 1 1018 81 58 138 -1 -1 -1 -1 
64 2 907 67 50 159 -1 -1 -1 -1 
64 3 563 269 96 159 -1 -1 -1 -1 
64 4 256 73 94 152 -1 -1 -1 -1 
64 6 918 132 21 22 -1 -1 -1 -1 
64 7 1047 139 17 24 -1 -1 -1 -1 
64 11 278 136 12 22 -1 -1 -1 -1 
65 1 1018 81 58 138 -1 -1 -1 -1 
65 2 907 68 50 158 -1 -1 -1 -1 
65 3 562 270 95 158 -1 -1 -1 -1 
65 4 256 73 94 152 -1 -1 -1 -1 
65 6 918 132 21 22 -1 -1 -1 -1 
65 7 1047 139 17 24 -1 -1 -1 -1 
65 11 278 136 12 22 -1 -1 -1 -1 
66 1 1018 81 58 138 -1 -1 -1 -1 
66 2 907 68 50 158 -1 -1 -1 -1 
66 3 562 270 93 158 -1 -1 -1 -1 
66 4 256 73 95 152 -1 -1 -1 -1 
66 6 918 132 21 22 -1 -1 -1 -1 
66 7 1047 139 17 24 -1 -1 -1 -1 
66 11 278 136 12 22 -1 -1 -1 -1 
67 1 1018 81 57 138 -1 -1 -1 -1 
67 2 907 68 50 158 -1 -1 -1 -1 
67 3 561 269 93 159 -1 -1 -1 -1 
67 4 256 74 94 151 -1 -1 -1 -1 
67 6 918 132 21 22 -1 -1 -1 -1 
67 7 1047 139 17 24 -1 -1 -1 -1 
67 11 278 136 12 22 -1 -1 -1 -1 
68 1 1018 81 57 138 -1 -1 -1 -1 
68 2 907 68 50 158 -1 -1 -1 -1 
68 3 561 269 91 159 -1 -1 -1 -1 
68 4 256 73 95 152 -1 -1 -1 -1 
68 6 919 132 21 23 -1 -1 -1 -1 
68 7 1047 139 18 24 -1 -1 -1 -1 
68 10 906 67 51 160 -1 -1 -1 -1 
68 11 278 136 12 22 -1 -1 -1 -1 
69 1 1018 81 57 138 -1 -1 -1 -1 
69 2 907 68 50 158 -1 -1 -1 -1 
69 3 560 268 91 158 -1 -1 -1 -1 
69 4 256 74 95 151 -1 -1 -1 -1 
69 6 919 132 21 23 -1 -1 -1 -1 
69 7 1048 139 17 24 -1 -1 -1 -1 
69 10 906 67 51 160 -1 -1 -1 -1 
69 11 278 136 12 22 -1 -1 -1 -1 
70 1 1018 81 57 138 -1 -1 -1 -1 
70 2 907 68 50 158 -1 -1 -1 -1 
70 3 559 267 91 159 -1 -1 -1 -1 
70 4 256 73 95 152 -1 -1 -1 -1 
70 6 919 132 21 23 -1 -1 -1 -1 
70 7 1047 139 18 24 -1 -1 -1 -1 
71 1 1018 81 57 138 -1 -1 -1 -1 
71 2 907 68 50 158 -1 -1 -1 -1 
71 3 558 267 91 159 -1 -1 -1 -1 
71 4 256 73 95 152 -1 -1 -1 -1 
71 6 919 132 21 23 -1 -1 -1 -1 
71 7 1047 139 18 24 -1 -1 -1 -1 
72 1 1018 81 57 138 -1 -1 -1 -1 
72 2 907 68 50 158 -1 -1 -1 -1 
72 3 558 266 88 160 -1 -1 -1 -1 
72 4 256 73 95 152 -1 -1 -1 -1 
72 6 919 132 21 23 -1 -1 -1 -1 
72 7 1047 139 18 24 -1 -1 -1 -1 
73 1 1018 81 58 138 -1 -1 -1 -1 
73 2 907 68 50 158 -1 -1 -1 -1 
73 3 557 265 87 161 -1 -1 -1 -1 
73 4 256 73 95 152 -1 -1 -1 -1 
73 6 919 132 21 23 -1 -1 -1 -1 
73 7 1048 139 16 23 -1 -1 -1 -1 
74 1 1018 81 58 138 -1 -1 -1 -1 
74 2 907 68 50 158 -1 -1 -1 -1 
74 3 557 265 85 160 -1 -1 -1 -1 
74 4 256 73 95 152 -1 -1 -1 -1 
74 6 919 132 21 22 -1 -1 -1 -1 
74 7 1048 139 17 23 -1 -1 -1 -1 
75 1 1018 81 58 138 -1 -1 -1 -1 
75 2 907 68 50 158 -1 -1 -1 -1 
75 3 556 264 85 161 -1 -1 -1 -1 
75 4 257 73 95 151 -1 -1 -1 -1 
75 6 919 132 21 22 -1 -1 -1 -1 
75 7 1048 139 17 23 -1 -1 -1 -1 
76 1 1018 81 58 138 -1 -1 -1 -1 
76 2 907 68 50 158 -1 -1 -1 -1 
76 3 556 264 84 162 -1 -1 -1 -1 
76 4 257 73 95 151 -1 -1 -1 -1 
76 6 919 132 21 22 -1 -1 -1 -1 
76 7 1047 139 17 23 -1 -1 -1 -1 
77 1 1018 81 59 138 -1 -1 -1 -1 
77 2 907 68 50 158 -1 -1 -1 -1 
77 3 555 265 85 161 -1 -1 -1 -1 
77 4 257 74 95 150 -1 -1 -1 -1 
77 6 919 132 21 23 -1 -1 -1 -1 
77 7 1048 139 17 23 -1 -1 -1 -1 
78 1 1018 81 59 138 -1 -1 -1 -1 
78 2 907 68 50 158 -1 -1 -1 -1 
78 3 553 265 86 162 -1 -1 -1 -1 
78 4 257 74 95 150 -1 -1 -1 -1 
78 6 919 133 21 22 -1 -1 -1 -1 
78 7 1048 139 16 23 -1 -1 -1 -1 
79 1 1018 81 59 138 -1 -1 -1 -1 
79 2 907 68 50 158 -1 -1 -1 -1 
79 3 552 267 87 159 -1 -1 -1 -1 
79 4 257 74 94 150 -1 -1 -1 -1 
79 6 919 132 21 23 -1 -1 -1 -1 
79 7 1048 139 16 23 -1 -1 -1 -1 
79 10 906 67 51 160 -1 -1 -1 -1 
80 1 1018 81 59 138 -1 -1 -1 -1 
80 2 907 68 50 158 -1 -1 -1 -1 
80 3 551 268 89 159 -1 -1 -1 -1 
80 4 257 74 94 150 -1 -1 -1 -1 
80 6 919 132 21 23 -1 -1 -1 -1 
80 7 1048 139 17 23 -1 -1 -1 -1 
80 10 906 67 51 160 -1 -1 -1 -1 
81 1 1018 81 59 138 -1 -1 -1 -1 
81 2 907 68 50 158 -1 -1 -1 -1 
81 3 549 269 91 159 -1 -1 -1 -1 
81 4 258 74 93 150 -1 -1 -1 -1 
81 6 919 132 21 23 -1 -1 -1 -1 
81 7 1048 139 17 23 -1 -1 -1 -1 
82 1 1017 81 60 138 -1 -1 -1 -1 
82 2 907 68 50 158 -1 -1 -1 -1 
82 3 547 270 93 158 -1 -1 -1 -1 
82 4 258 74 93 150 -1 -1 -1 -1 
82 6 919 132 21 23 -1 -1 -1 -1 
82 7 1048 139 16 23 -1 -1 -1 -1 
83 1 1018 81 59 138 -1 -1 -1 -1 
83 2 907 68 50 158 -1 -1 -1 -1 
83 3 544 272 97 157 -1 -1 -1 -1 
83 4 258 74 93 150 -1 -1 -1 -1 
83 6 919 132 21 23 -1 -1 -1 -1 
83 7 1048 139 16 23 -1 -1 -1 -1 
84 1 1018 81 59 138 -1 -1 -1 -1 
84 2 907 68 50 158 -1 -1 -1 -1 
84 3 540 273 101 155 -1 -1 -1 -1 
84 4 256 73 95 152 -1 -1 -1 -1 
84 6 919 132 21 23 -1 -1 -1 -1 
84 7 1048 139 16 23 -1 -1 -1 -1 
85 1 1017 81 60 138 -1 -1 -1 -1 
85 2 907 68 50 158 -1 -1 -1 -1 
85 3 535 274 106 152 -1 -1 -1 -1 
85 4 256 73 95 152 -1 -1 -1 -1 
85 6 920 132 20 23 -1 -1 -1 -1 
85 7 1048 139 16 23 -1 -1 -1 -1 
86 1 1017 81 59 138 -1 -1 -1 -1 
86 2 907 68 50 158 -1 -1 -1 -1 
86 3 529 275 111 151 -1 -1 -1 -1 
86 4 256 73 95 152 -1 -1 -1 -1 
86 6 919 132 21 23 -1 -1 -1 -1 
86 7 1048 139 16 23 -1 -1 -1 -1 
86 10 906 67 51 160 -1 -1 -1 -1 
87 1 1017 81 59 138 -1 -1 -1 -1 
87 2 907 68 50 158 -1 -1 -1 -1 
87 3 524 277 116 150 -1 -1 -1 -1 
87 4 256 73 94 152 -1 -1 -1 -1 
87 6 919 132 21 23 -1 -1 -1 -1 
87 7 1048 139 16 23 -1 -1 -1 -1 
88 1 1017 81 59 138 -1 -1 -1 -1 
88 2 907 68 50 158 -1 -1 -1 -1 
88 3 522 276 116 152 -1 -1 -1 -1 
88 4 256 73 94 152 -1 -1 -1 -1 
88 6 919 132 21 23 -1 -1 -1 -1 
88 7 1048 139 16 23 -1 -1 -1 -1 
89 1 1017 81 59 138 -1 -1 -1 -1 
89 2 907 68 50 158 -1 -1 -1 -1 
89 3 518 278 120 150 -1 -1 -1 -1 
89 4 256 73 94 152 -1 -1 -1 -1 
89 6 919 133 21 22 -1 -1 -1 -1 
89 7 1047 139 17 23 -1 -1 -1 -1 
90 1 1017 81 59 138 -1 -1 -1 -1 
90 2 907 68 49 158 -1 -1 -1 -1 
90 3 517 279 119 149 -1 -1 -1 -1 
90 4 256 72 94 153 -1 -1 -1 -1 
90 6 919 133 21 22 -1 -1 -1 -1 
90 7 1048 140 16 22 -1 -1 -1 -1 
90 10 906 68 51 159 -1 -1 -1 -1 
91 1 1018 81 57 138 -1 -1 -1 -1 
91 2 907 68 49 158 -1 -1 -1 -1 
91 3 517 280 117 149 -1 -1 -1 -1 
91 4 256 73 95 152 -1 -1 -1 -1 
91 6 919 133 21 22 -1 -1 -1 -1 
91 7 1048 140 16 22 -1 -1 -1 -1 
91 10 906 68 51 159 -1 -1 -1 -1 
92 1 1018 82 58 137 -1 -1 -1 -1 
92 2 907 68 50 158 -1 -1 -1 -1 
92 3 516 281 116 148 -1 -1 -1 -1 
92 4 258 74 93 150 -1 -1 -1 -1 
92 6 920 132 20 23 -1 -1 -1 -1 
92 7 1047 139 17 24 -1 -1 -1 -1 
92 10 906 68 51 159 -1 -1 -1 -1 
93 1 1018 82 58 137 -1 -1 -1 -1 
93 2 907 68 50 158 -1 -1 -1 -1 
93 3 515 282 116 148 -1 -1 -1 -1 
93 4 258 74 93 150 -1 -1 -1 -1 
93 6 920 132 20 23 -1 -1 -1 -1 
93 7 1047 139 17 24 -1 -1 -1 -1 
93 10 906 68 51 159 -1 -1 -1 -1 
94 1 1018 83 58 136 -1 -1 -1 -1 
94 2 907 68 50 157 -1 -1 -1 -1 
94 3 514 283 115 148 -1 -1 -1 -1 
94 4 258 74 93 150 -1 -1 -1 -1 
94 6 920 132 20 22 -1 -1 -1 -1 
94 7 1047 139 17 23 -1 -1 -1 -1 
94 10 905 67 52 160 -1 -1 -1 -1 
95 1 1018 84 58 135 -1 -1 -1 -1 
95 2 907 68 50 157 -1 -1 -1 -1 
95 3 513 283 114 147 -1 -1 -1 -1 
95 4 258 74 93 150 -1 -1 -1 -1 
95 6 920 132 20 22 -1 -1 -1 -1 
95 7 1048 139 16 23 -1 -1 -1 -1 
95 10 906 67 51 160 -1 -1 -1 -1 
96 1 1019 84 57 134 -1 -1 -1 -1 
96 2 907 68 50 158 -1 -1 -1 -1 
96 3 513 284 112 147 -1 -1 -1 -1 
96 4 258 74 93 150 -1 -1 -1 -1 
96 6 919 132 21 22 -1 -1 -1 -1 
96 7 1048 140 16 23 -1 -1 -1 -1 
96 10 905 67 52 160 -1 -1 -1 -1 
97 1 1018 84 57 134 -1 -1 -1 -1 
97 2 907 68 50 158 -1 -1 -1 -1 
97 3 512 284 111 147 -1 -1 -1 -1 
97 4 258 74 93 150 -1 -1 -1 -1 
97 6 919 132 21 23 -1 -1 -1 -1 
97 7 1048 140 16 23 -1 -1 -1 -1 
97 10 905 67 52 160 -1 -1 -1 -1 
98 1 1018 85 58 133 -1 -1 -1 -1 
98 2 907 68 50 158 -1 -1 -1 -1 
98 3 512 285 110 146 -1 -1 -1 -1 
98 4 258 74 93 150 -1 -1 -1 -1 
98 6 919 132 21 22 -1 -1 -1 -1 
98 7 1043 141 16 20 -1 -1 -1 -1 
98 10 905 67 52 160 -1 -1 -1 -1 
99 1 1018 85 59 133 -1 -1 -1 -1 
99 2 907 68 50 158 -1 -1 -1 -1 
99 3 512 285 109 146 -1 -1 -1 -1 
99 4 258 74 93 150 -1 -1 -1 -1 
99 6 919 133 20 21 -1 -1 -1 -1 
99 7 1048 138 17 24 -1 -1 -1 -1 
100 1 1018 85 59 133 -1 -1 -1 -1 
100 2 907 68 50 158 -1 -1 -1 -1 
100 3 512 284 109 147 -1 -1 -1 -1 
100 4 257 73 95 152 -1 -1 -1 -1 
100 6 919 133 21 22 -1 -1 -1 -1 
100 7 1047 139 18 24 -1 -1 -1 -1 
100 10 906 67 51 160 -1 -1 -1 -1 
101 1 1019 85 59 133 -1 -1 -1 -1 
101 2 907 68 50 158 -1 -1 -1 -1 
101 3 512 284 107 147 -1 -1 -1 -1 
101 4 257 73 95 152 -1 -1 -1 -1 
101 6 920 133 20 22 -1 -1 -1 -1 
101 7 1047 139 18 24 -1 -1 -1 -1 
102 1 1021 86 58 132 -1 -1 -1 -1 
102 2 907 68 50 158 -1 -1 -1 -1 
102 3 512 285 107 146 -1 -1 -1 -1 
102 4 257 73 95 152 -1 -1 -1 -1 
102 6 920 132 20 23 -1 -1 -1 -1 
102 10 906 67 51 160 -1 -1 -1 -1 
103 1 1023 87 58 133 -1 -1 -1 -1 
103 2 907 68 50 158 -1 -1 -1 -1 
103 3 512 285 107 146 -1 -1 -1 -1 
103 4 258 72 94 152 -1 -1 -1 -1 
103 6 920 133 20 22 -1 -1 -1 -1 
104 1 1024 88 57 131 -1 -1 -1 -1 
104 2 907 69 50 157 -1 -1 -1 -1 
104 3 512 285 107 146 -1 -1 -1 -1 
104 4 261 74 90 150 -1 -1 -1 -1 
104 6 920 133 20 22 -1 -1 -1 -1 
104 10 905 68 52 159 -1 -1 -1 -1 
105 1 1025 89 58 131 -1 -1 -1 -1 
105 2 907 69 50 157 -1 -1 -1 -1 
105 3 512 285 107 146 -1 -1 -1 -1 
105 4 261 74 90 150 -1 -1 -1 -1 
106 1 1028 90 55 129 -1 -1 -1 -1 
106 2 907 69 51 157 -1 -1 -1 -1 
106 3 512 285 106 146 -1 -1 -1 -1 
106 6 921 135 20 22 -1 -1 -1 -1 
106 10 907 70 51 155 -1 -1 -1 -1 
107 1 1030 91 53 128 -1 -1 -1 -1 
107 2 907 69 51 157 -1 -1 -1 -1 
107 3 511 285 107 146 -1 -1 -1 -1 
107 6 922 135 19 22 -1 -1 -1 -1 
108 1 1030 91 53 128 -1 -1 -1 -1 
108 3 511 285 107 146 -1 -1 -1 -1 
108 6 922 136 19 22 -1 -1 -1 -1 
108 10 908 70 50 155 -1 -1 -1 -1 
109 1 1030 90 53 130 -1 -1 -1 -1 
109 3 511 286 107 145 -1 -1 -1 -1 
109 4 267 75 85 150 -1 -1 -1 -1 
109 6 922 137 18 21 -1 -1 -1 -1 
109 10 908 70 50 156 -1 -1 -1 -1 
110 1 1030 89 53 131 -1 -1 -1 -1 
110 3 511 286 108 145 -1 -1 -1 -1 
110 4 266 74 87 151 -1 -1 -1 -1 
110 6 922 137 18 21 -1 -1 -1 -1 
110 10 909 71 49 155 -1 -1 -1 -1 
111 1 1030 88 53 132 -1 -1 -1 -1 
111 3 512 287 108 144 -1 -1 -1 -1 
111 4 266 74 86 150 -1 -1 -1 -1 
111 6 923 138 17 21 -1 -1 -1 -1 
111 10 909 72 50 154 -1 -1 -1 -1 
112 1 1030 88 53 131 -1 -1 -1 -1 
112 3 512 289 110 141 -1 -1 -1 -1 
112 4 265 74 87 150 -1 -1 -1 -1 
112 6 923 138 17 21 -1 -1 -1 -1 
112 10 910 72 49 154 -1 -1 -1 -1 
113 1 1030 88 52 130 -1 -1 -1 -1 
113 3 512 289 113 141 -1 -1 -1 -1 
113 4 267 74 85 151 -1 -1 -1 -1 
113 6 924 138 15 21 -1 -1 -1 -1 
113 10 910 73 49 153 -1 -1 -1 -1 
114 1 1030 87 52 130 -1 -1 -1 -1 
114 2 914 90 39 120 -1 -1 -1 -1 
114 3 512 292 118 137 -1 -1 -1 -1 
114 4 269 74 83 151 -1 -1 -1 -1 
114 6 924 139 15 21 -1 -1 -1 -1 
114 10 911 74 49 152 -1 -1 -1 -1 
115 1 1030 88 52 129 -1 -1 -1 -1 
115 2 917 102 33 96 -1 -1 -1 -1 
115 3 511 294 125 136 -1 -1 -1 -1 
115 4 267 74 89 150 -1 -1 -1 -1 
115 6 923 139 15 22 -1 -1 -1 -1 
115 7 287 132 12 26 -1 -1 -1 -1 
115 10 911 74 49 152 -1 -1 -1 -1 
116 1 1030 89 52 128 -1 -1 -1 -1 
116 2 920 111 27 78 -1 -1 -1 -1 
116 3 514 293 126 135 -1 -1 -1 -1 
116 4 272 73 78 153 -1 -1 -1 -1 
116 6 924 139 14 22 -1 -1 -1 -1 
116 7 286 133 13 25 -1 -1 -1 -1 
116 10 912 75 49 151 -1 -1 -1 -1 
117 1 1029 90 54 127 -1 -1 -1 -1 
117 2 923 125 20 51 -1 -1 -1 -1 
117 3 519 294 126 133 -1 -1 -1 -1 
117 4 273 73 79 153 -1 -1 -1 -1 
117 6 924 140 14 23 -1 -1 -1 -1 
117 7 284 133 15 26 -1 -1 -1 -1 
117 10 913 76 48 150 -1 -1 -1 -1 
118 1 1028 90 55 128 -1 -1 -1 -1 
118 2 923 125 20 51 -1 -1 -1 -1 
118 3 518 294 130 134 -1 -1 -1 -1 
118 4 274 73 74 154 -1 -1 -1 -1 
118 6 925 140 14 24 -1 -1 -1 -1 
119 1 1025 90 58 129 -1 -1 -1 -1 
119 3 518 294 133 134 -1 -1 -1 -1 
119 4 275 73 72 153 -1 -1 -1 -1 
119 6 924 141 14 23 -1 -1 -1 -1 
119 10 914 78 48 148 -1 -1 -1 -1 
120 1 1024 91 59 128 -1 -1 -1 -1 
120 3 519 293 133 135 -1 -1 -1 -1 
120 4 277 74 68 152 -1 -1 -1 -1 
120 6 923 141 17 27 -1 -1 -1 -1 
120 10 915 80 47 146 -1 -1 -1 -1 
121 1 1023 91 60 127 -1 -1 -1 -1 
121 3 519 292 133 136 -1 -1 -1 -1 
121 4 278 73 68 153 -1 -1 -1 -1 
121 6 923 143 16 26 -1 -1 -1 -1 
121 10 915 80 47 147 -1 -1 -1 -1 
122 1 1021 91 61 127 -1 -1 -1 -1 
122 3 518 292 134 136 -1 -1 -1 -1 
122 4 278 73 69 153 -1 -1 -1 -1 
122 6 923 144 16 26 -1 -1 -1 -1 
122 10 916 81 47 146 -1 -1 -1 -1 
123 1 1020 91 62 127 -1 -1 -1 -1 
123 3 518 292 133 136 -1 -1 -1 -1 
123 4 279 72 67 155 -1 -1 -1 -1 
123 6 924 145 15 26 -1 -1 -1 -1 
123 10 916 82 47 146 -1 -1 -1 -1 
124 1 1019 90 63 131 -1 -1 -1 -1 
124 3 516 292 134 136 -1 -1 -1 -1 
124 4 280 70 66 156 -1 -1 -1 -1 
124 6 925 146 15 26 -1 -1 -1 -1 
124 7 310 131 18 24 -1 -1 -1 -1 
124 10 917 83 46 145 -1 -1 -1 -1 
125 1 1019 90 63 131 -1 -1 -1 -1 
125 3 516 292 134 136 -1 -1 -1 -1 
125 4 280 72 62 151 -1 -1 -1 -1 
125 6 925 148 15 25 -1 -1 -1 -1 
125 7 311 131 18 24 -1 -1 -1 -1 
125 10 917 85 46 144 -1 -1 -1 -1 
126 1 1018 90 65 131 -1 -1 -1 -1 
126 3 515 292 134 136 -1 -1 -1 -1 
126 4 280 73 61 151 -1 -1 -1 -1 
126 6 926 149 15 26 -1 -1 -1 -1 
126 7 312 132 18 24 -1 -1 -1 -1 
126 10 917 87 46 143 -1 -1 -1 -1 
127 1 1018 89 65 132 -1 -1 -1 -1 
127 3 514 292 134 136 -1 -1 -1 -1 
127 4 281 73 59 151 -1 -1 -1 -1 
127 6 925 151 12 23 -1 -1 -1 -1 
127 7 313 133 18 24 -1 -1 -1 -1 
127 10 918 88 45 142 -1 -1 -1 -1 
128 1 1017 88 66 134 -1 -1 -1 -1 
128 3 514 292 136 134 -1 -1 -1 -1 
128 4 281 73 59 151 -1 -1 -1 -1 
128 6 925 151 12 23 -1 -1 -1 -1 
128 7 313 133 17 24 -1 -1 -1 -1 
129 1 1018 86 65 135 -1 -1 -1 -1 
129 3 514 292 136 133 -1 -1 -1 -1 
129 4 282 73 60 151 -1 -1 -1 -1 
129 7 315 133 16 24 -1 -1 -1 -1 
129 10 918 89 45 142 -1 -1 -1 -1 
130 1 1018 86 65 135 -1 -1 -1 -1 
130 3 512 292 137 133 -1 -1 -1 -1 
130 4 283 73 60 151 -1 -1 -1 -1 
130 7 316 133 17 24 -1 -1 -1 -1 
130 10 919 90 44 142 -1 -1 -1 -1 
131 1 1018 85 65 137 -1 -1 -1 -1 
131 3 513 294 133 125 -1 -1 -1 -1 
131 4 284 73 61 152 -1 -1 -1 -1 
131 6 1053 140 21 25 -1 -1 -1 -1 
131 7 317 132 17 25 -1 -1 -1 -1 
131 10 919 92 43 140 -1 -1 -1 -1 
132 1 1018 85 65 136 -1 -1 -1 -1 
132 3 505 291 138 132 -1 -1 -1 -1 
132 4 285 72 61 153 -1 -1 -1 -1 
132 6 926 159 16 26 -1 -1 -1 -1 
132 7 319 132 16 26 -1 -1 -1 -1 
132 10 919 93 44 139 -1 -1 -1 -1 
133 1 1018 84 66 137 -1 -1 -1 -1 
133 3 502 290 139 133 -1 -1 -1 -1 
133 4 285 72 63 152 -1 -1 -1 -1 
133 6 926 160 16 27 -1 -1 -1 -1 
133 7 319 132 16 25 -1 -1 -1 -1 
133 10 919 94 44 138 -1 -1 -1 -1 
134 1 1018 83 66 138 -1 -1 -1 -1 
134 3 499 288 140 138 -1 -1 -1 -1 
134 4 284 71 66 152 -1 -1 -1 -1 
134 6 1053 139 22 27 -1 -1 -1 -1 
134 7 320 132 15 25 -1 -1 -1 -1 
134 10 920 96 43 136 -1 -1 -1 -1 
135 1 1018 83 66 138 -1 -1 -1 -1 
135 3 498 288 138 139 -1 -1 -1 -1 
135 4 284 71 68 151 -1 -1 -1 -1 
135 6 1051 139 24 27 -1 -1 -1 -1 
135 7 318 131 15 27 -1 -1 -1 -1 
135 10 920 97 44 135 -1 -1 -1 -1 
136 1 1018 83 67 137 -1 -1 -1 -1 
136 3 497 287 136 142 -1 -1 -1 -1 
136 4 285 70 68 153 -1 -1 -1 -1 
136 6 1052 139 23 27 -1 -1 -1 -1 
136 7 316 131 15 28 -1 -1 -1 -1 
136 10 921 97 44 134 -1 -1 -1 -1 
137 1 1018 83 68 138 -1 -1 -1 -1 
137 3 495 288 133 141 -1 -1 -1 -1 
137 4 284 70 71 153 -1 -1 -1 -1 
137 6 1050 139 24 27 -1 -1 -1 -1 
137 7 310 131 22 28 -1 -1 -1 -1 
137 10 923 98 44 132 -1 -1 -1 -1 
138 1 1018 83 69 138 -1 -1 -1 -1 
138 3 494 287 130 142 -1 -1 -1 -1 
138 4 284 70 72 153 -1 -1 -1 -1 
138 6 1050 139 24 27 -1 -1 -1 -1 
138 7 310 131 21 28 -1 -1 -1 -1 
138 10 923 100 46 131 -1 -1 -1 -1 
139 1 1019 83 68 138 -1 -1 -1 -1 
139 3 493 286 127 143 -1 -1 -1 -1 
139 4 284 70 73 153 -1 -1 -1 -1 
139 6 1050 139 24 27 -1 -1 -1 -1 
139 7 310 132 20 27 -1 -1 -1 -1 
139 10 924 101 47 131 -1 -1 -1 -1 
140 1 1019 83 68 138 -1 -1 -1 -1 
140 3 493 285 125 144 -1 -1 -1 -1 
140 4 284 70 73 153 -1 -1 -1 -1 
140 6 1050 139 24 27 -1 -1 -1 -1 
140 7 310 132 20 27 -1 -1 -1 -1 
140 10 925 103 49 129 -1 -1 -1 -1 
140 22 297 99 44 93 -1 -1 -1 -1 
140 23 930 172 12 23 -1 -1 -1 -1 
141 1 1018 83 70 138 -1 -1 -1 -1 
141 3 491 284 125 145 -1 -1 -1 -1 
141 4 284 70 72 153 -1 -1 -1 -1 
141 6 1049 139 25 27 -1 -1 -1 -1 
141 7 310 132 21 27 -1 -1 -1 -1 
141 10 926 104 50 129 -1 -1 -1 -1 
141 22 297 97 44 98 -1 -1 -1 -1 
141 23 931 175 12 22 -1 -1 -1 -1 
142 1 1018 83 70 138 -1 -1 -1 -1 
142 3 491 284 122 146 -1 -1 -1 -1 
142 4 284 70 72 153 -1 -1 -1 -1 
142 6 1049 139 25 27 -1 -1 -1 -1 
142 7 310 132 21 27 -1 -1 -1 -1 
142 10 928 109 50 126 -1 -1 -1 -1 
142 22 296 94 46 104 -1 -1 -1 -1 
142 23 932 174 13 24 -1 -1 -1 -1 
143 1 1018 83 69 138 -1 -1 -1 -1 
143 3 490 284 121 145 -1 -1 -1 -1 
143 4 285 70 70 154 -1 -1 -1 -1 
143 6 1049 139 25 26 -1 -1 -1 -1 
143 7 310 132 22 27 -1 -1 -1 -1 
143 10 927 110 57 127 -1 -1 -1 -1 
143 22 296 93 47 107 -1 -1 -1 -1 
143 23 932 175 15 24 -1 -1 -1 -1 
144 1 1018 83 69 138 -1 -1 -1 -1 
144 3 489 282 118 147 -1 -1 -1 -1 
144 4 285 69 69 155 -1 -1 -1 -1 
144 6 1050 139 23 26 -1 -1 -1 -1 
144 7 310 132 23 27 -1 -1 -1 -1 
144 10 928 111 59 127 -1 -1 -1 -1 
144 22 296 93 47 107 -1 -1 -1 -1 
145 1 1017 84 70 137 -1 -1 -1 -1 
145 3 487 282 118 146 -1 -1 -1 -1 
145 4 286 70 67 154 -1 -1 -1 -1 
145 6 1052 139 21 26 -1 -1 -1 -1 
145 7 308 133 27 25 -1 -1 -1 -1 
145 10 928 113 62 125 -1 -1 -1 -1 
145 23 935 176 13 27 -1 -1 -1 -1 
146 1 1017 84 70 136 -1 -1 -1 -1 
146 3 486 281 116 147 -1 -1 -1 -1 
146 4 287 70 65 154 -1 -1 -1 -1 
146 6 1052 139 22 26 -1 -1 -1 -1 
146 7 308 134 28 23 -1 -1 -1 -1 
146 10 929 114 62 124 -1 -1 -1 -1 
146 23 933 177 14 23 -1 -1 -1 -1 
147 1 1018 83 69 137 -1 -1 -1 -1 
147 3 485 280 113 148 -1 -1 -1 -1 
147 4 290 70 60 154 -1 -1 -1 -1 
147 6 1053 140 20 25 -1 -1 -1 -1 
147 7 314 134 17 23 -1 -1 -1 -1 
147 10 931 114 62 126 -1 -1 -1 -1 
147 23 934 174 15 28 -1 -1 -1 -1 
148 1 1018 84 68 136 -1 -1 -1 -1 
148 3 486 280 106 146 -1 -1 -1 -1 
148 4 291 71 57 153 -1 -1 -1 -1 
148 6 1052 139 22 25 -1 -1 -1 -1 
148 7 316 134 16 23 -1 -1 -1 -1 
148 10 935 114 61 126 -1 -1 -1 -1 
149 1 1019 84 67 136 -1 -1 -1 -1 
149 3 486 280 100 147 -1 -1 -1 -1 
149 4 294 71 53 153 -1 -1 -1 -1 
149 6 1052 139 21 25 -1 -1 -1 -1 
149 7 309 133 23 23 -1 -1 -1 -1 
149 10 940 115 58 125 -1 -1 -1 -1 
150 1 1020 84 66 136 -1 -1 -1 -1 
150 3 485 280 97 147 -1 -1 -1 -1 
150 4 296 71 50 153 -1 -1 -1 -1 
150 6 943 154 15 24 -1 -1 -1 -1 
150 7 309 134 22 23 -1 -1 -1 -1 
150 10 944 113 57 128 -1 -1 -1 -1 
151 1 1020 84 65 136 -1 -1 -1 -1 
151 3 486 280 94 148 -1 -1 -1 -1 
151 4 297 70 48 154 -1 -1 -1 -1 
151 6 950 143 14 23 -1 -1 -1 -1 
151 7 312 134 14 22 -1 -1 -1 -1 
151 10 951 118 53 123 -1 -1 -1 -1 
152 1 1020 84 65 135 -1 -1 -1 -1 
152 3 486 280 94 149 -1 -1 -1 -1 
152 4 297 70 47 154 -1 -1 -1 -1 
152 6 950 143 14 23 -1 -1 -1 -1 
152 7 312 134 14 22 -1 -1 -1 -1 
153 1 1021 84 64 135 -1 -1 -1 -1 
153 3 485 281 96 147 -1 -1 -1 -1 
153 4 298 70 46 154 -1 -1 -1 -1 
153 7 311 134 15 22 -1 -1 -1 -1 
153 10 946 115 64 131 -1 -1 -1 -1 
154 1 1020 84 65 135 -1 -1 -1 -1 
154 3 484 282 99 145 -1 -1 -1 -1 
154 4 298 70 47 154 -1 -1 -1 -1 
154 7 312 133 14 23 -1 -1 -1 -1 
154 10 946 110 67 141 -1 -1 -1 -1 
155 1 1020 84 64 135 -1 -1 -1 -1 
155 3 483 285 103 143 -1 -1 -1 -1 
155 4 298 70 47 154 -1 -1 -1 -1 
155 7 309 134 18 22 -1 -1 -1 -1 
155 10 947 105 70 146 -1 -1 -1 -1 
156 1 1019 83 65 136 -1 -1 -1 -1 
156 3 484 286 105 145 -1 -1 -1 -1 
156 4 298 70 48 154 -1 -1 -1 -1 
156 6 985 102 15 23 -1 -1 -1 -1 
156 7 310 133 18 23 -1 -1 -1 -1 
156 10 949 104 74 150 -1 -1 -1 -1 
157 1 1018 83 66 137 -1 -1 -1 -1 
157 3 484 289 109 142 -1 -1 -1 -1 
157 4 298 70 48 154 -1 -1 -1 -1 
157 6 985 102 15 23 -1 -1 -1 -1 
157 7 310 133 18 22 -1 -1 -1 -1 
158 1 1020 83 63 138 -1 -1 -1 -1 
158 3 484 292 113 138 -1 -1 -1 -1 
158 4 298 70 49 154 -1 -1 -1 -1 
158 7 310 133 19 22 -1 -1 -1 -1 
158 10 951 104 83 151 -1 -1 -1 -1 
159 1 1020 83 63 138 -1 -1 -1 -1 
159 3 485 295 117 135 -1 -1 -1 -1 
159 4 298 70 49 154 -1 -1 -1 -1 
159 6 987 105 14 21 -1 -1 -1 -1 
159 7 309 133 18 22 -1 -1 -1 -1 
159 10 953 105 84 153 -1 -1 -1 -1 
160 1 1020 83 63 138 -1 -1 -1 -1 
160 3 487 295 118 136 -1 -1 -1 -1 
160 4 298 70 50 154 -1 -1 -1 -1 
160 6 987 105 14 21 -1 -1 -1 -1 
160 7 308 134 18 22 -1 -1 -1 -1 
161 1 1021 82 62 140 -1 -1 -1 -1 
161 3 489 295 121 136 -1 -1 -1 -1 
161 4 298 71 50 153 -1 -1 -1 -1 
161 7 315 134 14 22 -1 -1 -1 -1 
161 10 965 120 73 142 -1 -1 -1 -1 
162 1 1019 82 64 139 -1 -1 -1 -1 
162 3 490 296 127 133 -1 -1 -1 -1 
162 4 297 70 51 154 -1 -1 -1 -1 
162 7 306 133 19 24 -1 -1 -1 -1 
162 10 959 123 76 137 -1 -1 -1 -1 
163 1 1018 81 65 144 -1 -1 -1 -1 
163 3 490 295 132 133 -1 -1 -1 -1 
163 4 297 71 52 153 -1 -1 -1 -1 
163 6 979 138 15 25 -1 -1 -1 -1 
163 7 307 134 18 23 -1 -1 -1 -1 
163 10 960 133 74 132 -1 -1 -1 -1 
164 1 1018 81 65 140 -1 -1 -1 -1 
164 3 492 296 137 133 -1 -1 -1 -1 
164 4 297 70 53 154 -1 -1 -1 -1 
164 6 979 138 15 25 -1 -1 -1 -1 
164 7 307 134 20 23 -1 -1 -1 -1 
164 10 960 152 79 124 -1 -1 -1 -1 
165 1 1017 81 65 138 -1 -1 -1 -1 
165 3 499 293 136 136 -1 -1 -1 -1 
165 4 297 70 53 154 -1 -1 -1 -1 
165 7 307 134 21 22 -1 -1 -1 -1 
165 10 962 168 78 108 -1 -1 -1 -1 
165 23 325 130 16 25 -1 -1 -1 -1 
166 1 1017 81 65 137 -1 -1 -1 -1 
166 3 505 296 135 135 -1 -1 -1 -1 
166 4 296 70 55 154 -1 -1 -1 -1 
166 7 308 134 21 23 -1 -1 -1 -1 
166 10 963 166 75 111 -1 -1 -1 -1 
166 23 325 130 17 25 -1 -1 -1 -1 
167 1 1017 81 65 138 -1 -1 -1 -1 
167 3 519 298 126 130 -1 -1 -1 -1 
167 4 296 71 55 153 -1 -1 -1 -1 
167 7 308 135 21 22 -1 -1 -1 -1 
167 10 961 167 85 109 -1 -1 -1 -1 
167 23 325 130 17 25 -1 -1 -1 -1 
168 1 1017 80 65 143 -1 -1 -1 -1 
168 3 532 300 121 127 -1 -1 -1 -1 
168 4 296 71 56 153 -1 -1 -1 -1 
168 6 1053 137 19 25 -1 -1 -1 -1 
168 7 308 135 20 21 -1 -1 -1 -1 
168 10 962 168 92 111 -1 -1 -1 -1 
168 23 325 130 17 25 -1 -1 -1 -1 
169 1 1017 80 64 143 -1 -1 -1 -1 
169 3 549 304 112 124 -1 -1 -1 -1 
169 4 296 72 56 152 -1 -1 -1 -1 
169 6 1051 136 20 26 -1 -1 -1 -1 
169 7 309 135 20 21 -1 -1 -1 -1 
169 10 965 171 105 109 -1 -1 -1 -1 
169 23 326 130 16 25 -1 -1 -1 -1 
170 1 1015 78 67 154 -1 -1 -1 -1 
170 3 559 309 111 117 -1 -1 -1 -1 
170 4 297 72 55 152 -1 -1 -1 -1 
170 6 1051 136 20 26 -1 -1 -1 -1 
170 7 310 135 20 22 -1 -1 -1 -1 
170 10 969 169 115 108 -1 -1 -1 -1 
170 23 325 131 17 25 -1 -1 -1 -1 
171 1 1015 78 67 153 -1 -1 -1 -1 
171 3 560 312 120 115 -1 -1 -1 -1 
171 4 297 72 54 152 -1 -1 -1 -1 
171 6 1052 136 18 26 -1 -1 -1 -1 
171 7 320 134 15 23 -1 -1 -1 -1 
171 10 972 173 116 105 -1 -1 -1 -1 
171 23 326 131 17 26 -1 -1 -1 -1 
171 33 977 282 18 29 -1 -1 -1 -1 
172 1 1013 78 69 159 -1 -1 -1 -1 
172 3 560 318 127 110 -1 -1 -1 -1 
172 4 298 72 54 152 -1 -1 -1 -1 
172 6 1052 137 18 25 -1 -1 -1 -1 
172 7 320 134 16 23 -1 -1 -1 -1 
172 10 972 167 111 110 -1 -1 -1 -1 
172 23 326 131 17 25 -1 -1 -1 -1 
172 33 982 294 20 28 -1 -1 -1 -1 
173 1 1013 78 69 172 -1 -1 -1 -1 
173 3 563 322 135 106 -1 -1 -1 -1 
173 4 299 72 53 152 -1 -1 -1 -1 
173 6 1053 137 17 24 -1 -1 -1 -1 
173 7 320 133 15 23 -1 -1 -1 -1 
173 10 973 159 108 116 -1 -1 -1 -1 
173 23 326 130 17 26 -1 -1 -1 -1 
173 33 987 306 20 29 -1 -1 -1 -1 
173 34 311 133 18 22 -1 -1 -1 -1 
174 1 1013 78 69 175 -1 -1 -1 -1 
174 3 565 326 141 102 -1 -1 -1 -1 
174 4 300 72 52 152 -1 -1 -1 -1 
174 6 1053 137 17 24 -1 -1 -1 -1 
174 7 321 133 15 23 -1 -1 -1 -1 
174 10 973 142 105 138 -1 -1 -1 -1 
174 23 325 130 19 27 -1 -1 -1 -1 
174 33 993 316 19 29 -1 -1 -1 -1 
174 34 312 133 18 23 -1 -1 -1 -1 
175 1 1013 79 68 167 -1 -1 -1 -1 
175 3 572 330 148 99 -1 -1 -1 -1 
175 4 300 72 53 152 -1 -1 -1 -1 
175 6 1053 137 17 24 -1 -1 -1 -1 
175 7 321 133 14 23 -1 -1 -1 -1 
175 10 964 173 90 108 -1 -1 -1 -1 
175 23 325 130 18 26 -1 -1 -1 -1 
175 33 997 325 20 31 -1 -1 -1 -1 
175 34 313 132 17 24 -1 -1 -1 -1 
176 1 1014 79 67 161 -1 -1 -1 -1 
176 3 587 330 143 100 -1 -1 -1 -1 
176 4 301 72 53 152 -1 -1 -1 -1 
176 6 1053 137 17 24 -1 -1 -1 -1 
176 7 321 133 15 23 -1 -1 -1 -1 
176 10 959 175 97 105 -1 -1 -1 -1 
176 23 325 130 18 26 -1 -1 -1 -1 
176 33 1001 335 20 30 -1 -1 -1 -1 
176 34 314 132 17 24 -1 -1 -1 -1 
176 36 314 102 34 89 -1 -1 -1 -1 
177 1 1014 80 67 151 -1 -1 -1 -1 
177 3 600 334 148 95 -1 -1 -1 -1 
177 4 302 72 52 152 -1 -1 -1 -1 
177 6 1051 136 19 25 -1 -1 -1 -1 
177 7 323 131 19 25 -1 -1 -1 -1 
177 10 958 174 75 106 -1 -1 -1 -1 
177 23 325 130 18 26 -1 -1 -1 -1 
177 33 1005 346 21 32 -1 -1 -1 -1 
178 1 1013 80 67 146 -1 -1 -1 -1 
178 3 607 335 153 96 -1 -1 -1 -1 
178 4 304 72 51 152 -1 -1 -1 -1 
178 6 1052 136 18 25 -1 -1 -1 -1 
178 7 322 131 20 25 -1 -1 -1 -1 
178 10 954 174 81 106 -1 -1 -1 -1 
178 33 1008 354 21 32 -1 -1 -1 -1 
178 34 314 133 15 24 -1 -1 -1 -1 
179 1 1013 80 67 138 -1 -1 -1 -1 
179 3 622 340 150 93 -1 -1 -1 -1 
179 4 305 72 50 152 -1 -1 -1 -1 
179 6 1052 137 17 24 -1 -1 -1 -1 
179 7 322 130 21 26 -1 -1 -1 -1 
179 10 950 174 87 106 -1 -1 -1 -1 
179 33 1012 365 21 30 -1 -1 -1 -1 
179 34 315 132 15 24 -1 -1 -1 -1 
180 1 1012 80 68 138 -1 -1 -1 -1 
180 3 637 343 149 93 -1 -1 -1 -1 
180 4 307 72 49 153 -1 -1 -1 -1 
180 6 1052 136 17 25 -1 -1 -1 -1 
180 7 324 131 18 25 -1 -1 -1 -1 
180 10 945 174 89 107 -1 -1 -1 -1 
180 33 1015 374 22 33 -1 -1 -1 -1 
180 34 316 132 16 25 -1 -1 -1 -1 
181 1 1012 80 68 138 -1 -1 -1 -1 
181 3 642 347 155 91 -1 -1 -1 -1 
181 4 309 73 47 152 -1 -1 -1 -1 
181 6 1053 136 16 25 -1 -1 -1 -1 
181 7 324 132 17 24 -1 -1 -1 -1 
181 10 940 172 91 109 -1 -1 -1 -1 
181 33 1017 386 22 32 -1 -1 -1 -1 
181 34 317 132 15 25 -1 -1 -1 -1 
182 1 1012 80 68 137 -1 -1 -1 -1 
182 3 661 351 149 88 -1 -1 -1 -1 
182 4 310 73 47 153 -1 -1 -1 -1 
182 6 1052 136 17 25 -1 -1 -1 -1 
182 7 320 133 18 25 -1 -1 -1 -1 
182 10 933 171 99 106 -1 -1 -1 -1 
182 33 1019 394 22 32 -1 -1 -1 -1 
183 1 1012 81 68 136 -1 -1 -1 -1 
183 3 671 360 156 80 -1 -1 -1 -1 
183 4 310 73 48 154 -1 -1 -1 -1 
183 6 1053 136 16 25 -1 -1 -1 -1 
183 7 320 133 19 25 -1 -1 -1 -1 
183 10 927 172 103 104 -1 -1 -1 -1 
183 33 1022 401 20 27 -1 -1 -1 -1 
184 1 1012 81 68 137 -1 -1 -1 -1 
184 3 683 369 162 76 -1 -1 -1 -1 
184 4 311 73 47 154 -1 -1 -1 -1 
184 6 1052 136 16 25 -1 -1 -1 -1 
184 7 319 133 20 24 -1 -1 -1 -1 
184 10 921 172 108 109 -1 -1 -1 -1 
185 1 1012 81 68 136 -1 -1 -1 -1 
185 3 717 380 153 72 -1 -1 -1 -1 
185 4 311 73 48 156 -1 -1 -1 -1 
185 6 1052 136 16 25 -1 -1 -1 -1 
185 7 319 133 20 25 -1 -1 -1 -1 
185 10 916 173 112 113 -1 -1 -1 -1 
186 1 1011 81 69 136 -1 -1 -1 -1 
186 3 721 393 152 62 -1 -1 -1 -1 
186 4 312 73 47 155 -1 -1 -1 -1 
186 6 1052 136 16 25 -1 -1 -1 -1 
186 7 325 133 16 25 -1 -1 -1 -1 
186 10 911 173 115 116 -1 -1 -1 -1 
187 1 1011 80 69 137 -1 -1 -1 -1 
187 3 721 396 161 60 -1 -1 -1 -1 
187 4 312 74 48 154 -1 -1 -1 -1 
187 7 325 134 17 24 -1 -1 -1 -1 
187 10 904 173 113 114 -1 -1 -1 -1 
188 1 1011 80 68 137 -1 -1 -1 -1 
188 3 704 393 176 62 -1 -1 -1 -1 
188 4 313 74 47 153 -1 -1 -1 -1 
188 7 326 135 16 23 -1 -1 -1 -1 
188 10 902 173 102 115 -1 -1 -1 -1 
188 33 1028 452 22 33 -1 -1 -1 -1 
189 1 1011 80 69 137 -1 -1 -1 -1 
189 3 713 390 176 67 -1 -1 -1 -1 
189 4 314 74 47 153 -1 -1 -1 -1 
189 7 327 135 16 24 -1 -1 -1 -1 
189 10 896 171 96 116 -1 -1 -1 -1 
189 33 1029 460 23 35 -1 -1 -1 -1 
190 1 1012 81 68 137 -1 -1 -1 -1 
190 3 722 389 178 70 -1 -1 -1 -1 
190 4 314 75 47 152 -1 -1 -1 -1 
190 7 327 136 16 23 -1 -1 -1 -1 
190 10 891 169 87 119 -1 -1 -1 -1 
190 33 1030 472 24 36 -1 -1 -1 -1 
191 1 1013 81 67 138 -1 -1 -1 -1 
191 3 731 388 168 72 -1 -1 -1 -1 
191 4 315 75 47 152 -1 -1 -1 -1 
191 7 329 136 15 23 -1 -1 -1 -1 
191 10 883 167 84 119 -1 -1 -1 -1 
191 33 1031 481 23 37 -1 -1 -1 -1 
192 1 1013 81 67 138 -1 -1 -1 -1 
192 3 736 388 165 72 -1 -1 -1 -1 
192 4 316 74 47 154 -1 -1 -1 -1 
192 7 326 135 18 23 -1 -1 -1 -1 
192 10 874 167 89 123 -1 -1 -1 -1 
192 33 1031 491 25 35 -1 -1 -1 -1 
193 1 1013 81 67 138 -1 -1 -1 -1 
193 3 745 386 161 74 -1 -1 -1 -1 
193 4 317 75 47 153 -1 -1 -1 -1 
193 7 327 135 17 22 -1 -1 -1 -1 
193 10 866 165 87 126 -1 -1 -1 -1 
193 33 1033 503 23 35 -1 -1 -1 -1 
194 1 1014 81 66 138 -1 -1 -1 -1 
194 3 770 383 141 77 -1 -1 -1 -1 
194 4 318 76 47 152 -1 -1 -1 -1 
194 6 328 135 16 21 -1 -1 -1 -1 
194 7 334 135 14 24 -1 -1 -1 -1 
194 10 861 164 85 127 -1 -1 -1 -1 
194 33 1034 515 24 36 -1 -1 -1 -1 
195 1 1014 81 65 138 -1 -1 -1 -1 
195 3 776 379 140 79 -1 -1 -1 -1 
195 4 318 76 47 153 -1 -1 -1 -1 
195 6 329 134 16 22 -1 -1 -1 -1 
195 7 336 135 15 24 -1 -1 -1 -1 
195 10 856 161 82 131 -1 -1 -1 -1 
195 33 1035 526 24 35 -1 -1 -1 -1 
196 1 1014 81 65 138 -1 -1 -1 -1 
196 3 787 376 134 81 -1 -1 -1 -1 
196 4 320 76 46 154 -1 -1 -1 -1 
196 6 331 132 16 23 -1 -1 -1 -1 
196 7 336 133 16 26 -1 -1 -1 -1 
196 10 851 161 77 134 -1 -1 -1 -1 
196 33 1035 535 27 37 -1 -1 -1 -1 
197 1 1014 81 66 138 -1 -1 -1 -1 
197 3 795 372 129 85 -1 -1 -1 -1 
197 4 321 76 46 154 -1 -1 -1 -1 
197 6 331 132 16 23 -1 -1 -1 -1 
197 7 338 133 16 26 -1 -1 -1 -1 
197 10 847 159 71 140 -1 -1 -1 -1 
198 1 1014 81 66 138 -1 -1 -1 -1 
198 3 805 369 122 88 -1 -1 -1 -1 
198 4 322 76 46 154 -1 -1 -1 -1 
198 7 339 133 21 27 -1 -1 -1 -1 
198 10 842 159 69 140 -1 -1 -1 -1 
198 33 1038 560 24 34 -1 -1 -1 -1 
199 1 1014 80 66 138 -1 -1 -1 -1 
199 3 814 367 115 90 -1 -1 -1 -1 
199 4 324 77 46 153 -1 -1 -1 -1 
199 7 338 133 18 26 -1 -1 -1 -1 
199 10 837 159 68 141 -1 -1 -1 -1 
199 33 1039 572 24 36 -1 -1 -1 -1 
200 1 1014 80 66 138 -1 -1 -1 -1 
200 3 817 367 115 90 -1 -1 -1 -1 
200 4 325 77 47 154 -1 -1 -1 -1 
200 7 338 134 20 25 -1 -1 -1 -1 
200 10 832 158 68 140 -1 -1 -1 -1 
200 33 1043 580 23 33 -1 -1 -1 -1 
201 1 1014 81 66 137 -1 -1 -1 -1 
201 3 827 366 108 91 -1 -1 -1 -1 
201 4 326 78 48 152 -1 -1 -1 -1 
201 7 336 133 22 27 -1 -1 -1 -1 
201 10 827 157 69 140 -1 -1 -1 -1 
201 33 1044 573 26 35 -1 -1 -1 -1 
201 41 1053 137 16 24 -1 -1 -1 -1 
202 1 1014 80 66 138 -1 -1 -1 -1 
202 3 831 366 107 92 -1 -1 -1 -1 
202 4 326 77 49 154 -1 -1 -1 -1 
202 7 336 133 23 27 -1 -1 -1 -1 
202 10 820 153 72 143 -1 -1 -1 -1 
202 33 1048 558 25 35 -1 -1 -1 -1 
202 41 1053 137 15 24 -1 -1 -1 -1 
203 1 1013 80 67 138 -1 -1 -1 -1 
203 3 829 365 111 92 -1 -1 -1 -1 
203 4 327 78 50 152 -1 -1 -1 -1 
203 7 336 133 23 27 -1 -1 -1 -1 
203 10 813 148 73 148 -1 -1 -1 -1 
203 33 1053 530 26 37 -1 -1 -1 -1 
204 1 1013 80 67 138 -1 -1 -1 -1 
204 3 815 364 126 94 -1 -1 -1 -1 
204 4 328 77 50 153 -1 -1 -1 -1 
204 7 340 135 20 26 -1 -1 -1 -1 
204 10 812 141 70 155 -1 -1 -1 -1 
204 33 1057 507 26 35 -1 -1 -1 -1 
204 41 1053 136 16 25 -1 -1 -1 -1 
205 1 1013 80 67 138 -1 -1 -1 -1 
205 3 814 364 132 93 -1 -1 -1 -1 
205 4 328 78 51 151 -1 -1 -1 -1 
205 7 341 135 19 25 -1 -1 -1 -1 
205 10 810 139 69 157 -1 -1 -1 -1 
205 33 1062 483 25 37 -1 -1 -1 -1 
205 41 1053 136 16 25 -1 -1 -1 -1 
206 1 1013 80 67 138 -1 -1 -1 -1 
206 3 831 363 116 92 -1 -1 -1 -1 
206 4 328 78 52 150 -1 -1 -1 -1 
206 7 342 136 18 23 -1 -1 -1 -1 
206 10 806 139 71 158 -1 -1 -1 -1 
206 33 1065 463 24 36 -1 -1 -1 -1 
206 41 1053 136 16 25 -1 -1 -1 -1 
207 1 1013 80 67 138 -1 -1 -1 -1 
207 3 838 363 110 94 -1 -1 -1 -1 
207 4 326 74 58 158 -1 -1 -1 -1 
207 7 341 134 21 26 -1 -1 -1 -1 
207 10 804 139 70 157 -1 -1 -1 -1 
207 33 1066 445 25 34 -1 -1 -1 -1 
207 41 1053 136 16 25 -1 -1 -1 -1 
208 1 1013 80 67 138 -1 -1 -1 -1 
208 3 838 363 111 94 -1 -1 -1 -1 
208 4 327 74 59 158 -1 -1 -1 -1 
208 7 342 132 20 26 -1 -1 -1 -1 
208 10 801 136 70 158 -1 -1 -1 -1 
208 33 1069 424 24 37 -1 -1 -1 -1 
208 41 1052 136 17 24 -1 -1 -1 -1 
209 1 1013 80 67 138 -1 -1 -1 -1 
209 3 842 361 108 97 -1 -1 -1 -1 
209 4 327 74 61 157 -1 -1 -1 -1 
209 7 344 133 18 25 -1 -1 -1 -1 
209 10 799 132 68 160 -1 -1 -1 -1 
210 1 1013 80 68 138 -1 -1 -1 -1 
210 3 846 358 105 99 -1 -1 -1 -1 
210 4 328 76 62 153 -1 -1 -1 -1 
210 7 344 133 18 25 -1 -1 -1 -1 
210 10 798 129 67 162 -1 -1 -1 -1 
210 41 1052 136 18 23 -1 -1 -1 -1 
211 1 1013 80 70 138 -1 -1 -1 -1 
211 3 837 355 112 102 -1 -1 -1 -1 
211 4 328 75 63 154 -1 -1 -1 -1 
211 7 344 134 17 24 -1 -1 -1 -1 
211 10 796 124 65 165 -1 -1 -1 -1 
211 41 1052 136 17 23 -1 -1 -1 -1 
212 1 1012 80 74 138 -1 -1 -1 -1 
212 3 839 350 108 106 -1 -1 -1 -1 
212 4 328 75 64 154 -1 -1 -1 -1 
212 6 344 134 17 24 -1 -1 -1 -1 
212 7 349 134 19 23 -1 -1 -1 -1 
212 10 795 122 63 166 -1 -1 -1 -1 
212 41 1050 137 17 21 -1 -1 -1 -1 
213 1 1012 80 77 137 -1 -1 -1 -1 
213 3 841 346 105 109 -1 -1 -1 -1 
213 4 322 74 72 154 -1 -1 -1 -1 
213 6 344 134 17 24 -1 -1 -1 -1 
213 7 351 134 20 24 -1 -1 -1 -1 
213 10 793 120 62 169 -1 -1 -1 -1 
214 1 1012 80 80 137 -1 -1 -1 -1 
214 3 844 343 104 113 -1 -1 -1 -1 
214 4 318 74 77 154 -1 -1 -1 -1 
214 7 352 133 18 24 -1 -1 -1 -1 
214 10 790 119 63 172 -1 -1 -1 -1 
214 41 1039 137 30 19 -1 -1 -1 -1 
215 1 1011 80 84 137 -1 -1 -1 -1 
215 3 847 340 101 116 -1 -1 -1 -1 
215 4 312 73 87 155 -1 -1 -1 -1 
215 7 354 133 13 25 -1 -1 -1 -1 
215 10 785 117 66 173 -1 -1 -1 -1 
215 41 1039 138 27 19 -1 -1 -1 -1 
216 1 1012 80 86 137 -1 -1 -1 -1 
216 3 851 337 99 118 -1 -1 -1 -1 
216 4 308 74 97 154 -1 -1 -1 -1 
216 7 355 134 15 22 -1 -1 -1 -1 
216 10 782 118 67 170 -1 -1 -1 -1 
216 41 1039 138 27 19 -1 -1 -1 -1 
217 1 1012 80 88 136 -1 -1 -1 -1 
217 3 857 334 94 122 -1 -1 -1 -1 
217 4 308 74 99 154 -1 -1 -1 -1 
217 7 355 134 15 22 -1 -1 -1 -1 
217 10 778 117 69 169 -1 -1 -1 -1 
217 47 0 381 74 226 -1 -1 -1 -1 
218 1 1011 81 92 134 -1 -1 -1 -1 
218 3 864 331 87 127 -1 -1 -1 -1 
218 4 305 74 106 155 -1 -1 -1 -1 
218 10 773 117 71 168 -1 -1 -1 -1 
218 33 1067 425 32 39 -1 -1 -1 -1 
218 47 0 380 75 226 -1 -1 -1 -1 
219 1 1011 82 94 132 -1 -1 -1 -1 
219 3 866 330 84 127 -1 -1 -1 -1 
219 4 304 73 106 155 -1 -1 -1 -1 
219 10 769 117 73 167 -1 -1 -1 -1 
219 33 1070 441 25 34 -1 -1 -1 -1 
220 1 1012 83 94 132 -1 -1 -1 -1 
220 3 865 328 83 131 -1 -1 -1 -1 
220 4 306 72 104 156 -1 -1 -1 -1 
220 10 767 116 73 168 -1 -1 -1 -1 
220 33 1070 452 25 36 -1 -1 -1 -1 
221 1 1015 83 87 133 -1 -1 -1 -1 
221 3 862 329 84 128 -1 -1 -1 -1 
221 4 308 71 100 156 -1 -1 -1 -1 
221 10 766 115 72 167 -1 -1 -1 -1 
221 33 1069 464 25 36 -1 -1 -1 -1 
222 1 1015 84 87 133 -1 -1 -1 -1 
222 3 857 325 86 139 -1 -1 -1 -1 
222 4 311 69 96 158 -1 -1 -1 -1 
222 10 765 114 72 167 -1 -1 -1 -1 
222 33 1068 480 26 36 -1 -1 -1 -1 
223 1 1015 83 85 134 -1 -1 -1 -1 
223 3 852 324 90 139 -1 -1 -1 -1 
223 4 314 66 92 161 -1 -1 -1 -1 
223 10 764 113 72 168 -1 -1 -1 -1 
223 33 1069 495 24 36 -1 -1 -1 -1 
224 1 1014 79 85 139 -1 -1 -1 -1 
224 3 848 322 92 143 -1 -1 -1 -1 
224 4 313 63 91 163 -1 -1 -1 -1 
224 10 762 112 70 170 -1 -1 -1 -1 
224 33 1068 512 24 37 -1 -1 -1 -1 
225 1 1013 73 82 146 -1 -1 -1 -1 
225 3 845 321 94 145 -1 -1 -1 -1 
225 4 315 62 85 165 -1 -1 -1 -1 
225 10 760 111 71 169 -1 -1 -1 -1 
225 33 1067 531 25 36 -1 -1 -1 -1 
226 1 1011 66 80 154 -1 -1 -1 -1 
226 3 844 319 94 147 -1 -1 -1 -1 
226 4 315 60 85 166 -1 -1 -1 -1 
226 10 757 110 75 169 -1 -1 -1 -1 
226 33 1065 550 27 36 -1 -1 -1 -1 
227 1 1010 64 76 156 -1 -1 -1 -1 
227 3 844 315 94 152 -1 -1 -1 -1 
227 4 315 58 84 168 -1 -1 -1 -1 
227 10 754 110 81 167 -1 -1 -1 -1 
227 33 1065 572 25 35 -1 -1 -1 -1 
228 1 1011 63 69 157 -1 -1 -1 -1 
228 3 845 313 92 154 -1 -1 -1 -1 
228 4 315 60 82 166 -1 -1 -1 -1 
228 10 748 107 87 170 -1 -1 -1 -1 
228 33 1067 584 21 29 -1 -1 -1 -1 
229 1 1010 63 64 157 -1 -1 -1 -1 
229 3 847 310 90 158 -1 -1 -1 -1 
229 4 314 59 82 167 -1 -1 -1 -1 
229 10 742 104 95 169 -1 -1 -1 -1 
229 33 1064 575 25 37 -1 -1 -1 -1 
230 1 1012 62 60 159 -1 -1 -1 -1 
230 3 850 309 85 157 -1 -1 -1 -1 
230 4 314 60 82 166 -1 -1 -1 -1 
230 10 737 103 101 168 -1 -1 -1 -1 
230 33 1064 569 27 36 -1 -1 -1 -1 
231 1 1012 61 59 160 -1 -1 -1 -1 
231 3 853 306 81 161 -1 -1 -1 -1 
231 4 314 60 81 166 -1 -1 -1 -1 
231 10 736 102 102 168 -1 -1 -1 -1 
231 33 1064 563 25 35 -1 -1 -1 -1 
232 1 1014 60 57 162 -1 -1 -1 -1 
232 3 854 302 81 166 -1 -1 -1 -1 
232 4 313 62 82 164 -1 -1 -1 -1 
232 10 734 99 103 172 -1 -1 -1 -1 
232 33 1064 558 24 34 -1 -1 -1 -1 
233 1 1015 60 56 163 -1 -1 -1 -1 
233 3 855 301 79 166 -1 -1 -1 -1 
233 4 310 63 84 163 -1 -1 -1 -1 
233 10 733 95 101 178 -1 -1 -1 -1 
233 33 1064 556 25 33 -1 -1 -1 -1 
234 1 1016 58 53 166 -1 -1 -1 -1 
234 3 856 297 78 171 -1 -1 -1 -1 
234 4 312 67 82 158 -1 -1 -1 -1 
234 10 730 88 100 184 -1 -1 -1 -1 
234 33 1063 556 26 33 -1 -1 -1 -1 
235 1 1018 57 48 168 -1 -1 -1 -1 
235 3 857 295 77 171 -1 -1 -1 -1 
235 4 313 67 81 158 -1 -1 -1 -1 
235 10 727 78 101 192 -1 -1 -1 -1 
235 33 1063 554 25 34 -1 -1 -1 -1 
236 1 1017 57 46 166 -1 -1 -1 -1 
236 3 857 294 77 172 -1 -1 -1 -1 
236 4 311 68 83 157 -1 -1 -1 -1 
236 10 727 74 96 196 -1 -1 -1 -1 
236 33 1063 556 25 34 -1 -1 -1 -1 
237 1 1015 57 48 167 -1 -1 -1 -1 
237 3 858 291 77 176 -1 -1 -1 -1 
237 4 307 68 86 157 -1 -1 -1 -1 
237 10 730 71 85 200 -1 -1 -1 -1 
237 33 1064 560 23 34 -1 -1 -1 -1 
238 1 1016 58 47 167 -1 -1 -1 -1 
238 3 858 289 77 178 -1 -1 -1 -1 
238 4 312 68 81 157 -1 -1 -1 -1 
238 10 730 69 83 202 -1 -1 -1 -1 
238 33 1063 565 24 34 -1 -1 -1 -1 
239 1 1014 58 49 167 -1 -1 -1 -1 
239 3 859 288 77 181 -1 -1 -1 -1 
239 4 313 68 80 157 -1 -1 -1 -1 
239 10 729 68 84 203 -1 -1 -1 -1 
239 33 1061 570 26 37 -1 -1 -1 -1 
240 1 1013 58 50 166 -1 -1 -1 -1 
240 3 859 288 77 183 -1 -1 -1 -1 
240 4 314 71 80 154 -1 -1 -1 -1 
240 10 728 67 84 204 -1 -1 -1 -1 
240 33 1061 576 24 35 -1 -1 -1 -1 
241 1 1011 59 51 165 -1 -1 -1 -1 
241 3 859 285 78 188 -1 -1 -1 -1 
241 4 316 76 78 149 -1 -1 -1 -1 
241 10 727 66 84 202 -1 -1 -1 -1 
241 33 1060 574 26 36 -1 -1 -1 -1 
242 1 1008 59 54 166 -1 -1 -1 -1 
242 3 858 285 80 192 -1 -1 -1 -1 
242 4 318 75 76 151 -1 -1 -1 -1 
242 10 726 66 84 202 -1 -1 -1 -1 
242 33 1060 571 26 35 -1 -1 -1 -1 
243 1 1007 59 53 166 -1 -1 -1 -1 
243 3 858 285 80 193 -1 -1 -1 -1 
243 4 320 75 74 150 -1 -1 -1 -1 
243 10 724 66 86 201 -1 -1 -1 -1 
243 33 1059 568 27 36 -1 -1 -1 -1 
244 1 1006 59 53 168 -1 -1 -1 -1 
244 3 857 286 81 196 -1 -1 -1 -1 
244 4 314 66 83 163 -1 -1 -1 -1 
244 10 722 66 89 198 -1 -1 -1 -1 
244 33 1058 566 27 38 -1 -1 -1 -1 
245 1 1005 60 53 166 -1 -1 -1 -1 
245 3 857 287 80 199 -1 -1 -1 -1 
245 4 315 66 83 163 -1 -1 -1 -1 
245 10 719 66 91 197 -1 -1 -1 -1 
245 33 1058 566 27 38 -1 -1 -1 -1 
246 1 1002 60 54 168 -1 -1 -1 -1 
246 3 857 287 80 200 -1 -1 -1 -1 
246 4 318 73 77 152 -1 -1 -1 -1 
246 10 718 64 92 198 -1 -1 -1 -1 
246 33 1058 566 27 39 -1 -1 -1 -1 
247 1 998 60 55 168 -1 -1 -1 -1 
247 3 856 288 80 200 -1 -1 -1 -1 
247 4 319 77 77 148 -1 -1 -1 -1 
247 10 717 64 92 197 -1 -1 -1 -1 
247 33 1058 568 26 37 -1 -1 -1 -1 
248 1 995 60 54 168 -1 -1 -1 -1 
248 3 856 287 79 201 -1 -1 -1 -1 
248 4 319 79 78 146 -1 -1 -1 -1 
248 10 718 65 87 196 -1 -1 -1 -1 
248 33 1057 572 26 36 -1 -1 -1 -1 
249 1 991 60 56 168 -1 -1 -1 -1 
249 3 856 286 78 203 -1 -1 -1 -1 
249 4 318 79 78 147 -1 -1 -1 -1 
249 10 716 65 86 196 -1 -1 -1 -1 
249 33 1057 572 26 37 -1 -1 -1 -1 
250 1 982 60 62 168 -1 -1 -1 -1 
250 3 856 284 77 206 -1 -1 -1 -1 
250 4 317 78 79 148 -1 -1 -1 -1 
250 10 716 65 85 195 -1 -1 -1 -1 
250 33 1056 571 27 38 -1 -1 -1 -1 
251 1 977 64 63 164 -1 -1 -1 -1 
251 3 856 283 75 208 -1 -1 -1 -1 
251 4 317 78 80 148 -1 -1 -1 -1 
251 10 715 66 83 194 -1 -1 -1 -1 
251 33 1057 571 26 37 -1 -1 -1 -1 
252 1 972 65 68 162 -1 -1 -1 -1 
252 3 856 283 74 208 -1 -1 -1 -1 
252 4 315 80 81 146 -1 -1 -1 -1 
252 10 712 66 85 194 -1 -1 -1 -1 
252 33 1056 571 27 37 -1 -1 -1 -1 
253 1 970 64 69 163 -1 -1 -1 -1 
253 3 855 282 73 210 -1 -1 -1 -1 
253 4 314 84 82 142 -1 -1 -1 -1 
253 10 708 67 88 193 -1 -1 -1 -1 
253 33 1056 571 27 37 -1 -1 -1 -1 
254 1 969 66 69 161 -1 -1 -1 -1 
254 3 855 283 72 208 -1 -1 -1 -1 
254 4 313 85 83 141 -1 -1 -1 -1 
254 10 703 67 94 193 -1 -1 -1 -1 
254 33 1055 572 27 37 -1 -1 -1 -1 
255 1 968 66 70 162 -1 -1 -1 -1 
255 3 854 284 72 208 -1 -1 -1 -1 
255 4 313 84 83 142 -1 -1 -1 -1 
255 10 701 68 94 192 -1 -1 -1 -1 
255 33 1054 572 27 37 -1 -1 -1 -1 
256 1 967 66 71 161 -1 -1 -1 -1 
256 3 853 286 71 210 -1 -1 -1 -1 
256 4 314 82 83 144 -1 -1 -1 -1 
256 10 700 67 94 192 -1 -1 -1 -1 
256 33 1053 572 27 36 -1 -1 -1 -1 
257 1 967 66 67 161 -1 -1 -1 -1 
257 3 852 287 72 213 -1 -1 -1 -1 
257 4 311 80 90 147 -1 -1 -1 -1 
257 10 699 67 95 191 -1 -1 -1 -1 
257 33 1052 572 27 36 -1 -1 -1 -1 
258 1 966 64 61 164 -1 -1 -1 -1 
258 3 852 289 71 212 -1 -1 -1 -1 
258 4 312 81 88 146 -1 -1 -1 -1 
258 10 698 67 95 190 -1 -1 -1 -1 
258 33 1051 572 27 36 -1 -1 -1 -1 
259 1 966 64 54 164 -1 -1 -1 -1 
259 3 851 289 72 213 -1 -1 -1 -1 
259 4 316 83 80 143 -1 -1 -1 -1 
259 10 697 67 95 189 -1 -1 -1 -1 
259 33 1050 571 27 37 -1 -1 -1 -1 
260 1 966 65 48 161 -1 -1 -1 -1 
260 3 849 291 73 214 -1 -1 -1 -1 
260 4 316 84 81 142 -1 -1 -1 -1 
260 10 696 66 95 190 -1 -1 -1 -1 
260 33 1050 571 26 37 -1 -1 -1 -1 
260 51 77 366 107 215 -1 -1 -1 -1 
261 1 966 64 43 161 -1 -1 -1 -1 
261 3 848 293 73 213 -1 -1 -1 -1 
261 4 314 83 84 143 -1 -1 -1 -1 
261 10 696 65 94 191 -1 -1 -1 -1 
261 33 1049 571 27 37 -1 -1 -1 -1 
261 51 82 369 109 211 -1 -1 -1 -1 
262 1 966 64 40 161 -1 -1 -1 -1 
262 3 847 294 73 212 -1 -1 -1 -1 
262 4 313 82 85 144 -1 -1 -1 -1 
262 10 695 63 95 193 -1 -1 -1 -1 
262 33 1049 571 26 37 -1 -1 -1 -1 
262 51 83 365 108 214 -1 -1 -1 -1 
263 1 964 64 39 161 -1 -1 -1 -1 
263 3 847 296 71 209 -1 -1 -1 -1 
263 4 313 81 88 145 -1 -1 -1 -1 
263 10 695 63 94 193 -1 -1 -1 -1 
263 33 1048 571 25 37 -1 -1 -1 -1 
263 51 86 364 108 216 -1 -1 -1 -1 
264 1 963 65 38 160 -1 -1 -1 -1 
264 3 846 296 71 209 -1 -1 -1 -1 
264 4 314 82 86 144 -1 -1 -1 -1 
264 10 696 62 93 194 -1 -1 -1 -1 
264 33 1047 571 26 37 -1 -1 -1 -1 
264 51 87 361 110 220 -1 -1 -1 -1 
265 1 961 66 38 161 -1 -1 -1 -1 
265 3 845 296 72 210 -1 -1 -1 -1 
265 4 314 82 84 144 -1 -1 -1 -1 
265 10 696 63 91 193 -1 -1 -1 -1 
265 33 1047 571 25 36 -1 -1 -1 -1 
265 51 91 362 108 217 -1 -1 -1 -1 
266 1 958 63 39 164 -1 -1 -1 -1 
266 3 845 296 71 210 -1 -1 -1 -1 
266 4 316 83 81 143 -1 -1 -1 -1 
266 10 696 62 91 194 -1 -1 -1 -1 
266 33 1045 570 26 36 -1 -1 -1 -1 
266 51 100 362 99 216 -1 -1 -1 -1 
267 1 955 62 41 164 -1 -1 -1 -1 
267 3 845 295 71 211 -1 -1 -1 -1 
267 4 317 82 80 144 -1 -1 -1 -1 
267 10 696 62 91 194 -1 -1 -1 -1 
267 33 1044 570 26 35 -1 -1 -1 -1 
267 51 105 361 96 218 -1 -1 -1 -1 
268 1 953 62 43 163 -1 -1 -1 -1 
268 3 844 295 72 211 -1 -1 -1 -1 
268 4 314 81 88 145 -1 -1 -1 -1 
268 10 696 62 91 193 -1 -1 -1 -1 
268 33 1043 570 27 35 -1 -1 -1 -1 
268 51 115 360 87 218 -1 -1 -1 -1 
269 1 953 62 41 163 -1 -1 -1 -1 
269 3 844 296 72 210 -1 -1 -1 -1 
269 4 313 81 89 145 -1 -1 -1 -1 
269 10 695 61 92 194 -1 -1 -1 -1 
269 33 1043 569 26 36 -1 -1 -1 -1 
269 51 131 362 70 217 -1 -1 -1 -1 
270 1 952 61 42 163 -1 -1 -1 -1 
270 3 844 296 73 210 -1 -1 -1 -1 
270 4 315 84 84 141 -1 -1 -1 -1 
270 10 695 61 92 193 -1 -1 -1 -1 
270 33 1042 569 27 36 -1 -1 -1 -1 
270 51 147 358 58 222 -1 -1 -1 -1 
271 1 951 62 41 162 -1 -1 -1 -1 
271 3 844 298 73 210 -1 -1 -1 -1 
271 4 317 83 80 142 -1 -1 -1 -1 
271 10 695 60 91 193 -1 -1 -1 -1 
271 33 1041 568 27 37 -1 -1 -1 -1 
271 51 155 359 53 221 -1 -1 -1 -1 
272 1 950 64 40 160 -1 -1 -1 -1 
272 3 845 300 72 212 -1 -1 -1 -1 
272 4 316 83 81 143 -1 -1 -1 -1 
272 10 695 58 91 196 -1 -1 -1 -1 
272 33 1040 567 27 38 -1 -1 -1 -1 
272 51 161 359 55 221 -1 -1 -1 -1 
273 1 950 65 39 158 -1 -1 -1 -1 
273 3 845 301 73 212 -1 -1 -1 -1 
273 4 318 83 78 143 -1 -1 -1 -1 
273 10 695 59 90 194 -1 -1 -1 -1 
273 33 1040 566 27 39 -1 -1 -1 -1 
273 51 166 362 57 216 -1 -1 -1 -1 
274 1 949 65 39 157 -1 -1 -1 -1 
274 3 846 303 73 213 -1 -1 -1 -1 
274 4 315 82 86 144 -1 -1 -1 -1 
274 10 696 58 87 195 -1 -1 -1 -1 
274 33 1038 566 28 38 -1 -1 -1 -1 
274 51 168 364 72 214 -1 -1 -1 -1 
274 52 1231 355 48 261 -1 -1 -1 -1 
275 1 949 65 39 157 -1 -1 -1 -1 
275 3 846 303 75 218 -1 -1 -1 -1 
275 4 316 82 85 144 -1 -1 -1 -1 
275 10 696 57 87 196 -1 -1 -1 -1 
275 33 1038 566 27 38 -1 -1 -1 -1 
275 51 169 361 81 216 -1 -1 -1 -1 
275 52 1231 356 48 259 -1 -1 -1 -1 
276 1 948 64 39 159 -1 -1 -1 -1 
276 3 847 305 75 219 -1 -1 -1 -1 
276 4 316 82 84 144 -1 -1 -1 -1 
276 10 695 57 87 197 -1 -1 -1 -1 
276 33 1037 566 27 38 -1 -1 -1 -1 
276 51 168 363 100 212 -1 -1 -1 -1 
276 52 1232 357 47 257 -1 -1 -1 -1 
277 1 946 64 42 159 -1 -1 -1 -1 
277 3 848 307 75 219 -1 -1 -1 -1 
277 4 313 83 87 143 -1 -1 -1 -1 
277 10 695 57 86 197 -1 -1 -1 -1 
277 33 1036 567 26 36 -1 -1 -1 -1 
277 51 168 365 103 210 -1 -1 -1 -1 
277 52 1233 357 46 256 -1 -1 -1 -1 
278 1 945 62 46 161 -1 -1 -1 -1 
278 3 850 309 74 217 -1 -1 -1 -1 
278 4 316 83 81 143 -1 -1 -1 -1 
278 10 695 57 86 197 -1 -1 -1 -1 
278 33 1035 567 27 36 -1 -1 -1 -1 
278 51 169 365 112 211 -1 -1 -1 -1 
278 52 1233 355 46 258 -1 -1 -1 -1 
279 1 944 62 49 161 -1 -1 -1 -1 
279 3 851 309 74 216 -1 -1 -1 -1 
279 4 318 83 79 143 -1 -1 -1 -1 
279 10 695 56 85 198 -1 -1 -1 -1 
279 33 1035 567 26 35 -1 -1 -1 -1 
279 51 170 365 112 212 -1 -1 -1 -1 
279 52 1232 354 47 260 -1 -1 -1 -1 
280 1 943 62 51 162 -1 -1 -1 -1 
280 3 852 309 73 216 -1 -1 -1 -1 
280 4 316 82 85 145 -1 -1 -1 -1 
280 10 694 56 85 198 -1 -1 -1 -1 
280 33 1034 567 25 35 -1 -1 -1 -1 
280 51 174 366 112 211 -1 -1 -1 -1 
280 52 1232 353 47 262 -1 -1 -1 -1 
281 1 943 62 51 162 -1 -1 -1 -1 
281 3 853 309 72 216 -1 -1 -1 -1 
281 4 315 82 85 145 -1 -1 -1 -1 
281 10 694 57 84 197 -1 -1 -1 -1 
281 33 1034 566 24 35 -1 -1 -1 -1 
281 51 180 365 108 212 -1 -1 -1 -1 
281 52 1230 351 49 265 -1 -1 -1 -1 
282 1 941 60 54 165 -1 -1 -1 -1 
282 3 854 309 71 216 -1 -1 -1 -1 
282 4 316 84 81 142 -1 -1 -1 -1 
282 10 693 56 85 198 -1 -1 -1 -1 
282 33 1033 566 25 35 -1 -1 -1 -1 
282 51 185 365 105 212 -1 -1 -1 -1 
282 52 1229 348 50 269 -1 -1 -1 -1 
283 1 941 60 54 165 -1 -1 -1 -1 
283 3 855 308 71 218 -1 -1 -1 -1 
283 4 315 84 83 142 -1 -1 -1 -1 
283 10 693 57 83 198 -1 -1 -1 -1 
283 33 1033 566 24 35 -1 -1 -1 -1 
283 51 195 365 96 213 -1 -1 -1 -1 
283 52 1229 350 50 267 -1 -1 -1 -1 
284 1 939 57 59 171 -1 -1 -1 -1 
284 3 856 308 71 218 -1 -1 -1 -1 
284 4 315 84 82 142 -1 -1 -1 -1 
284 10 694 58 79 197 -1 -1 -1 -1 
284 33 1031 565 25 36 -1 -1 -1 -1 
284 51 205 364 86 214 -1 -1 -1 -1 
284 52 1228 353 51 263 -1 -1 -1 -1 
285 1 937 57 59 170 -1 -1 -1 -1 
285 3 856 309 72 217 -1 -1 -1 -1 
285 4 315 84 86 142 -1 -1 -1 -1 
285 10 694 62 76 192 -1 -1 -1 -1 
285 33 1031 565 24 36 -1 -1 -1 -1 
285 51 219 366 71 210 -1 -1 -1 -1 
285 52 1227 353 52 264 -1 -1 -1 -1 
286 1 933 58 61 168 -1 -1 -1 -1 
286 3 856 309 73 218 -1 -1 -1 -1 
286 4 315 85 84 140 -1 -1 -1 -1 
286 10 693 69 76 185 -1 -1 -1 -1 
286 33 1028 564 25 36 -1 -1 -1 -1 
286 51 229 364 62 213 -1 -1 -1 -1 
286 52 1225 353 54 264 -1 -1 -1 -1 
287 1 930 60 62 164 -1 -1 -1 -1 
287 3 856 310 73 219 -1 -1 -1 -1 
287 4 314 86 84 139 -1 -1 -1 -1 
287 10 690 75 79 179 -1 -1 -1 -1 
287 33 1027 564 25 36 -1 -1 -1 -1 
287 51 242 364 57 215 -1 -1 -1 -1 
287 52 1225 354 54 262 -1 -1 -1 -1 
288 1 927 61 63 162 -1 -1 -1 -1 
288 3 856 312 74 218 -1 -1 -1 -1 
288 4 312 85 88 141 -1 -1 -1 -1 
288 10 688 79 82 176 -1 -1 -1 -1 
288 33 1026 563 26 37 -1 -1 -1 -1 
288 51 252 364 57 218 -1 -1 -1 -1 
288 52 1225 356 54 259 -1 -1 -1 -1 
289 1 925 63 62 161 -1 -1 -1 -1 
289 3 856 312 74 218 -1 -1 -1 -1 
289 4 312 86 88 140 -1 -1 -1 -1 
289 10 687 83 84 172 -1 -1 -1 -1 
289 33 1025 563 26 37 -1 -1 -1 -1 
289 51 256 363 60 219 -1 -1 -1 -1 
289 52 1225 356 54 259 -1 -1 -1 -1 
290 1 923 63 63 161 -1 -1 -1 -1 
290 3 856 313 75 219 -1 -1 -1 -1 
290 4 314 85 88 141 -1 -1 -1 -1 
290 10 685 86 87 169 -1 -1 -1 -1 
290 33 1025 563 26 37 -1 -1 -1 -1 
290 51 260 364 61 219 -1 -1 -1 -1 
290 52 1224 354 55 260 -1 -1 -1 -1 
291 1 922 64 62 160 -1 -1 -1 -1 
291 3 856 315 75 220 -1 -1 -1 -1 
291 4 314 84 87 142 -1 -1 -1 -1 
291 10 684 88 89 167 -1 -1 -1 -1 
291 33 1026 562 25 39 -1 -1 -1 -1 
291 51 260 366 72 218 -1 -1 -1 -1 
291 52 1222 354 57 259 -1 -1 -1 -1 
292 1 921 65 61 158 -1 -1 -1 -1 
292 3 856 317 75 220 -1 -1 -1 -1 
292 4 313 85 88 141 -1 -1 -1 -1 
292 10 684 88 89 167 -1 -1 -1 -1 
292 33 1025 562 26 38 -1 -1 -1 -1 
292 51 258 364 91 217 -1 -1 -1 -1 
292 52 1222 354 57 257 -1 -1 -1 -1 
293 1 921 65 59 158 -1 -1 -1 -1 
293 3 857 318 75 220 -1 -1 -1 -1 
293 4 312 85 88 140 -1 -1 -1 -1 
293 10 684 87 88 168 -1 -1 -1 -1 
293 33 1025 562 25 38 -1 -1 -1 -1 
293 51 258 365 96 215 -1 -1 -1 -1 
293 52 1222 355 57 255 -1 -1 -1 -1 
294 1 921 65 57 159 -1 -1 -1 -1 
294 3 856 319 76 222 -1 -1 -1 -1 
294 4 312 85 89 140 -1 -1 -1 -1 
294 10 686 84 84 170 -1 -1 -1 -1 
294 33 1024 561 25 38 -1 -1 -1 -1 
294 51 260 368 104 214 -1 -1 -1 -1 
294 52 1221 356 58 252 -1 -1 -1 -1 
295 1 921 65 55 158 -1 -1 -1 -1 
295 3 858 319 74 226 -1 -1 -1 -1 
295 4 311 86 90 140 -1 -1 -1 -1 
295 10 686 75 82 179 -1 -1 -1 -1 
295 33 1024 561 24 38 -1 -1 -1 -1 
295 51 262 368 109 214 -1 -1 -1 -1 
295 52 1222 356 57 251 -1 -1 -1 -1 
296 1 920 65 54 157 -1 -1 -1 -1 
296 3 858 320 74 225 -1 -1 -1 -1 
296 4 310 87 90 139 -1 -1 -1 -1 
296 10 680 65 94 188 -1 -1 -1 -1 
296 33 1024 562 24 37 -1 -1 -1 -1 
296 51 261 368 116 215 -1 -1 -1 -1 
296 52 1222 357 57 249 -1 -1 -1 -1 
297 1 917 62 57 162 -1 -1 -1 -1 
297 3 858 321 76 220 -1 -1 -1 -1 
297 4 310 89 88 137 -1 -1 -1 -1 
297 10 679 66 97 187 -1 -1 -1 -1 
297 33 1022 562 25 37 -1 -1 -1 -1 
297 51 267 368 117 215 -1 -1 -1 -1 
297 52 1221 356 58 249 -1 -1 -1 -1 
298 1 917 62 56 162 -1 -1 -1 -1 
298 3 860 321 74 220 -1 -1 -1 -1 
298 4 309 88 92 139 -1 -1 -1 -1 
298 10 681 65 94 188 -1 -1 -1 -1 
298 33 1022 562 25 37 -1 -1 -1 -1 
298 51 276 368 109 216 -1 -1 -1 -1 
298 52 1221 352 58 249 -1 -1 -1 -1 
299 1 916 62 55 163 -1 -1 -1 -1 
299 3 860 319 74 227 -1 -1 -1 -1 
299 4 306 91 94 135 -1 -1 -1 -1 
299 10 680 65 94 188 -1 -1 -1 -1 
299 33 1021 562 25 37 -1 -1 -1 -1 
299 51 288 366 97 217 -1 -1 -1 -1 
299 52 1221 349 58 249 -1 -1 -1 -1 
300 1 915 62 55 163 -1 -1 -1 -1 
300 3 862 320 72 227 -1 -1 -1 -1 
300 4 308 91 91 135 -1 -1 -1 -1 
300 10 680 66 94 187 -1 -1 -1 -1 
300 33 1021 562 25 37 -1 -1 -1 -1 
300 51 299 366 88 217 -1 -1 -1 -1 
300 52 1221 344 58 253 -1 -1 -1 -1 
301 1 915 61 56 164 -1 -1 -1 -1 
301 3 863 320 71 227 -1 -1 -1 -1 
301 4 308 92 90 134 -1 -1 -1 -1 
301 10 679 66 95 187 -1 -1 -1 -1 
301 33 1019 561 26 38 -1 -1 -1 -1 
301 51 311 364 76 220 -1 -1 -1 -1 
301 52 1220 342 59 254 -1 -1 -1 -1 
302 1 914 60 56 165 -1 -1 -1 -1 
302 3 865 321 69 226 -1 -1 -1 -1 
302 4 310 94 87 133 -1 -1 -1 -1 
302 10 679 66 95 187 -1 -1 -1 -1 
302 33 1018 560 26 38 -1 -1 -1 -1 
302 51 323 366 64 214 -1 -1 -1 -1 
302 52 1220 340 59 256 -1 -1 -1 -1 
303 1 914 60 56 165 -1 -1 -1 -1 
303 3 866 323 68 223 -1 -1 -1 -1 
303 4 311 96 86 131 -1 -1 -1 -1 
303 10 679 67 95 186 -1 -1 -1 -1 
303 33 1018 560 26 38 -1 -1 -1 -1 
303 51 338 366 54 216 -1 -1 -1 -1 
303 52 1221 339 58 256 -1 -1 -1 -1 
304 1 913 59 56 166 -1 -1 -1 -1 
304 3 868 324 66 223 -1 -1 -1 -1 
304 4 310 99 87 128 -1 -1 -1 -1 
304 10 679 67 96 186 -1 -1 -1 -1 
304 33 1017 560 25 38 -1 -1 -1 -1 
304 51 348 364 58 219 -1 -1 -1 -1 
304 52 1221 340 58 255 -1 -1 -1 -1 
305 1 912 59 57 166 -1 -1 -1 -1 
305 3 870 326 64 222 -1 -1 -1 -1 
305 4 311 100 86 126 -1 -1 -1 -1 
305 10 678 67 97 186 -1 -1 -1 -1 
305 33 1017 560 25 38 -1 -1 -1 -1 
305 51 351 365 61 218 -1 -1 -1 -1 
305 52 1220 340 59 255 -1 -1 -1 -1 
306 1 912 60 57 165 -1 -1 -1 -1 
306 3 872 326 63 224 -1 -1 -1 -1 
306 4 311 103 86 123 -1 -1 -1 -1 
306 10 677 68 98 185 -1 -1 -1 -1 
306 33 1017 560 24 37 -1 -1 -1 -1 
306 51 355 365 64 217 -1 -1 -1 -1 
306 52 1222 341 57 253 -1 -1 -1 -1 
307 1 912 59 57 166 -1 -1 -1 -1 
307 3 873 327 63 224 -1 -1 -1 -1 
307 4 312 107 85 119 -1 -1 -1 -1 
307 10 677 70 98 183 -1 -1 -1 -1 
307 33 1017 560 24 37 -1 -1 -1 -1 
307 51 354 367 80 215 -1 -1 -1 -1 
307 52 1221 341 58 253 -1 -1 -1 -1 
308 1 911 60 58 165 -1 -1 -1 -1 
308 3 874 329 63 222 -1 -1 -1 -1 
308 4 313 110 84 116 -1 -1 -1 -1 
308 10 677 73 99 181 -1 -1 -1 -1 
308 33 1016 559 25 38 -1 -1 -1 -1 
308 51 354 368 96 214 -1 -1 -1 -1 
308 52 1222 341 57 252 -1 -1 -1 -1 
309 1 911 60 58 165 -1 -1 -1 -1 
309 3 876 331 63 221 -1 -1 -1 -1 
309 4 313 112 83 114 -1 -1 -1 -1 
309 10 677 77 99 177 -1 -1 -1 -1 
309 33 1016 559 25 38 -1 -1 -1 -1 
309 51 355 369 104 213 -1 -1 -1 -1 
309 52 1221 340 58 253 -1 -1 -1 -1 
310 1 910 60 59 165 -1 -1 -1 -1 
310 3 877 333 63 223 -1 -1 -1 -1 
310 4 314 120 80 106 -1 -1 -1 -1 
310 10 678 81 99 173 -1 -1 -1 -1 
310 33 1015 559 25 37 -1 -1 -1 -1 
310 51 358 370 109 213 -1 -1 -1 -1 
310 52 1220 341 59 252 -1 -1 -1 -1 
311 1 910 61 60 164 -1 -1 -1 -1 
311 3 878 333 63 224 -1 -1 -1 -1 
311 4 315 126 78 100 -1 -1 -1 -1 
311 10 677 86 99 168 -1 -1 -1 -1 
311 33 1015 558 25 38 -1 -1 -1 -1 
311 51 359 370 114 213 -1 -1 -1 -1 
311 52 1219 341 60 252 -1 -1 -1 -1 
312 1 909 62 63 163 -1 -1 -1 -1 
312 3 879 334 64 223 -1 -1 -1 -1 
312 4 317 131 77 95 -1 -1 -1 -1 
312 10 676 89 103 165 -1 -1 -1 -1 
312 33 1015 558 25 38 -1 -1 -1 -1 
312 51 362 370 115 213 -1 -1 -1 -1 
312 52 1218 342 61 251 -1 -1 -1 -1 
313 1 908 64 66 161 -1 -1 -1 -1 
313 3 881 334 64 223 -1 -1 -1 -1 
313 4 318 140 77 86 -1 -1 -1 -1 
313 10 673 90 112 164 -1 -1 -1 -1 
313 33 1014 558 26 37 -1 -1 -1 -1 
313 51 364 369 116 214 -1 -1 -1 -1 
313 52 1217 342 62 251 -1 -1 -1 -1 
314 1 905 64 72 161 -1 -1 -1 -1 
314 3 881 335 65 222 -1 -1 -1 -1 
314 4 315 147 81 79 -1 -1 -1 -1 
314 10 672 88 110 168 -1 -1 -1 -1 
314 33 1014 558 25 37 -1 -1 -1 -1 
314 51 372 370 108 211 -1 -1 -1 -1 
314 52 1214 342 65 251 -1 -1 -1 -1 
315 1 903 67 78 158 -1 -1 -1 -1 
315 3 882 335 65 222 -1 -1 -1 -1 
315 4 317 153 80 73 -1 -1 -1 -1 
315 10 673 90 109 164 -1 -1 -1 -1 
315 33 1013 558 26 37 -1 -1 -1 -1 
315 51 385 367 95 214 -1 -1 -1 -1 
315 52 1210 341 69 252 -1 -1 -1 -1 
316 1 900 72 86 152 -1 -1 -1 -1 
316 3 884 335 64 222 -1 -1 -1 -1 
316 4 317 157 81 69 -1 -1 -1 -1 
316 10 674 90 109 164 -1 -1 -1 -1 
316 33 1013 558 25 37 -1 -1 -1 -1 
316 51 395 366 85 215 -1 -1 -1 -1 
316 52 1208 342 71 251 -1 -1 -1 -1 
317 1 897 77 91 146 -1 -1 -1 -1 
317 3 886 335 63 222 -1 -1 -1 -1 
317 4 319 159 79 67 -1 -1 -1 -1 
317 10 675 86 108 171 -1 -1 -1 -1 
317 33 1012 558 26 37 -1 -1 -1 -1 
317 51 407 369 71 210 -1 -1 -1 -1 
317 52 1208 349 70 245 -1 -1 -1 -1 
318 1 898 82 93 141 -1 -1 -1 -1 
318 3 888 335 63 222 -1 -1 -1 -1 
318 4 322 160 76 66 -1 -1 -1 -1 
318 10 678 89 105 166 -1 -1 -1 -1 
318 33 1012 558 25 37 -1 -1 -1 -1 
318 51 418 368 63 210 -1 -1 -1 -1 
318 52 1207 348 71 246 -1 -1 -1 -1 
319 1 900 85 88 138 -1 -1 -1 -1 
319 3 891 335 63 224 -1 -1 -1 -1 
319 4 324 161 73 65 -1 -1 -1 -1 
319 10 681 90 97 165 -1 -1 -1 -1 
319 33 1012 558 25 37 -1 -1 -1 -1 
319 51 432 367 54 214 -1 -1 -1 -1 
319 52 1206 347 73 247 -1 -1 -1 -1 
320 1 902 86 85 135 -1 -1 -1 -1 
320 3 893 336 62 222 -1 -1 -1 -1 
320 4 324 161 73 66 -1 -1 -1 -1 
320 10 685 90 89 165 -1 -1 -1 -1 
320 33 1012 558 25 37 -1 -1 -1 -1 
320 51 443 366 51 215 -1 -1 -1 -1 
320 52 1205 347 74 247 -1 -1 -1 -1 
321 1 899 85 95 137 -1 -1 -1 -1 
321 3 894 336 63 224 -1 -1 -1 -1 
321 4 324 162 73 65 -1 -1 -1 -1 
321 10 688 91 82 164 -1 -1 -1 -1 
321 33 1011 558 26 37 -1 -1 -1 -1 
321 51 446 367 58 215 -1 -1 -1 -1 
321 52 1204 347 75 247 -1 -1 -1 -1 
322 1 906 84 95 138 -1 -1 -1 -1 
322 3 896 337 62 226 -1 -1 -1 -1 
322 4 325 162 72 65 -1 -1 -1 -1 
322 10 691 91 75 164 -1 -1 -1 -1 
322 33 1011 557 25 37 -1 -1 -1 -1 
322 51 447 365 69 218 -1 -1 -1 -1 
322 52 1201 346 78 249 -1 -1 -1 -1 
323 1 915 83 88 139 -1 -1 -1 -1 
323 3 897 338 62 227 -1 -1 -1 -1 
323 4 325 162 72 65 -1 -1 -1 -1 
323 10 693 92 72 163 -1 -1 -1 -1 
323 33 1011 558 25 36 -1 -1 -1 -1 
323 51 447 366 79 217 -1 -1 -1 -1 
323 52 1197 346 82 249 -1 -1 -1 -1 
324 1 923 84 79 139 -1 -1 -1 -1 
324 3 897 339 64 227 -1 -1 -1 -1 
324 4 325 161 72 66 -1 -1 -1 -1 
324 10 695 93 68 162 -1 -1 -1 -1 
324 33 1011 557 25 37 -1 -1 -1 -1 
324 51 446 369 94 215 -1 -1 -1 -1 
324 52 1198 347 81 248 -1 -1 -1 -1 
325 1 923 84 80 139 -1 -1 -1 -1 
325 3 898 339 64 229 -1 -1 -1 -1 
325 4 326 160 70 68 -1 -1 -1 -1 
325 10 697 94 63 161 -1 -1 -1 -1 
325 33 1011 557 25 36 -1 -1 -1 -1 
325 51 446 367 104 217 -1 -1 -1 -1 
325 52 1196 346 83 248 -1 -1 -1 -1 
326 1 923 85 77 138 -1 -1 -1 -1 
326 3 899 340 64 230 -1 -1 -1 -1 
326 4 326 159 70 69 -1 -1 -1 -1 
326 10 697 96 62 159 -1 -1 -1 -1 
326 33 1011 557 25 36 -1 -1 -1 -1 
326 51 447 369 111 214 -1 -1 -1 -1 
326 52 1200 348 79 246 -1 -1 -1 -1 
327 1 923 84 80 139 -1 -1 -1 -1 
327 3 900 341 65 231 -1 -1 -1 -1 
327 4 326 157 70 71 -1 -1 -1 -1 
327 10 697 99 61 156 -1 -1 -1 -1 
327 33 1011 557 25 36 -1 -1 -1 -1 
327 51 449 371 112 213 -1 -1 -1 -1 
327 52 1202 348 77 247 -1 -1 -1 -1 
328 1 924 84 80 139 -1 -1 -1 -1 
328 3 901 342 64 232 -1 -1 -1 -1 
328 4 326 153 71 75 -1 -1 -1 -1 
328 10 697 103 60 152 -1 -1 -1 -1 
328 33 1011 556 25 37 -1 -1 -1 -1 
328 51 451 372 114 212 -1 -1 -1 -1 
329 1 925 84 79 139 -1 -1 -1 -1 
329 3 901 343 65 233 -1 -1 -1 -1 
329 4 327 149 69 79 -1 -1 -1 -1 
329 10 697 107 59 149 -1 -1 -1 -1 
329 33 1011 556 25 37 -1 -1 -1 -1 
329 51 455 370 115 214 -1 -1 -1 -1 
329 52 1201 349 78 243 -1 -1 -1 -1 
330 1 925 84 80 138 -1 -1 -1 -1 
330 3 902 344 64 233 -1 -1 -1 -1 
330 4 326 144 71 84 -1 -1 -1 -1 
330 10 696 111 60 145 -1 -1 -1 -1 
330 33 1011 556 24 37 -1 -1 -1 -1 
330 51 466 368 106 216 -1 -1 -1 -1 
330 52 1203 348 76 245 -1 -1 -1 -1 
331 1 925 84 82 138 -1 -1 -1 -1 
331 3 902 345 64 234 -1 -1 -1 -1 
331 4 326 139 71 89 -1 -1 -1 -1 
331 10 695 116 61 140 -1 -1 -1 -1 
331 33 1010 556 24 37 -1 -1 -1 -1 
331 51 475 367 96 216 -1 -1 -1 -1 
331 52 1204 347 75 248 -1 -1 -1 -1 
332 1 924 85 87 138 -1 -1 -1 -1 
332 3 902 345 65 232 -1 -1 -1 -1 
332 4 326 132 71 96 -1 -1 -1 -1 
332 10 694 119 62 138 -1 -1 -1 -1 
332 33 1010 557 24 35 -1 -1 -1 -1 
332 51 486 365 86 218 -1 -1 -1 -1 
332 52 1202 348 77 249 -1 -1 -1 -1 
333 1 923 85 90 137 -1 -1 -1 -1 
333 3 903 346 64 232 -1 -1 -1 -1 
333 4 327 127 69 100 -1 -1 -1 -1 
333 10 693 124 64 130 -1 -1 -1 -1 
333 33 1010 557 24 35 -1 -1 -1 -1 
333 51 498 366 75 219 -1 -1 -1 -1 
333 52 1202 347 77 250 -1 -1 -1 -1 
334 1 924 85 89 137 -1 -1 -1 -1 
334 3 903 346 64 232 -1 -1 -1 -1 
334 4 327 122 68 105 -1 -1 -1 -1 
334 10 692 129 65 125 -1 -1 -1 -1 
334 33 1010 557 24 35 -1 -1 -1 -1 
334 51 507 364 70 219 -1 -1 -1 -1 
334 52 1200 347 78 250 -1 -1 -1 -1 
335 1 924 85 89 137 -1 -1 -1 -1 
335 3 903 347 65 231 -1 -1 -1 -1 
335 4 328 115 66 111 -1 -1 -1 -1 
335 10 691 134 67 122 -1 -1 -1 -1 
335 33 1010 557 24 35 -1 -1 -1 -1 
335 51 522 365 63 219 -1 -1 -1 -1 
335 52 1199 348 80 248 -1 -1 -1 -1 
336 1 924 84 89 138 -1 -1 -1 -1 
336 3 903 347 65 231 -1 -1 -1 -1 
336 4 328 110 65 116 -1 -1 -1 -1 
336 10 690 139 68 116 -1 -1 -1 -1 
336 33 1010 557 24 35 -1 -1 -1 -1 
336 51 532 363 64 222 -1 -1 -1 -1 
336 52 1197 347 81 246 -1 -1 -1 -1 
337 1 925 84 87 138 -1 -1 -1 -1 
337 3 903 348 65 230 -1 -1 -1 -1 
337 4 328 104 65 121 -1 -1 -1 -1 
337 10 689 141 68 113 -1 -1 -1 -1 
337 33 1009 557 24 35 -1 -1 -1 -1 
337 51 536 363 61 220 -1 -1 -1 -1 
337 52 1196 347 82 245 -1 -1 -1 -1 
338 1 926 85 87 137 -1 -1 -1 -1 
338 3 901 348 68 230 -1 -1 -1 -1 
338 4 329 97 63 128 -1 -1 -1 -1 
338 10 688 144 70 110 -1 -1 -1 -1 
338 33 1009 557 24 35 -1 -1 -1 -1 
338 51 540 363 63 220 -1 -1 -1 -1 
338 52 1195 347 83 245 -1 -1 -1 -1 
339 1 927 86 86 136 -1 -1 -1 -1 
339 3 899 348 70 230 -1 -1 -1 -1 
339 4 329 93 62 132 -1 -1 -1 -1 
339 10 688 146 70 108 -1 -1 -1 -1 
339 33 1009 557 24 35 -1 -1 -1 -1 
339 51 541 364 71 219 -1 -1 -1 -1 
339 52 1195 348 83 245 -1 -1 -1 -1 
340 1 929 86 86 136 -1 -1 -1 -1 
340 3 896 349 75 229 -1 -1 -1 -1 
340 4 328 88 63 137 -1 -1 -1 -1 
340 10 689 148 69 106 -1 -1 -1 -1 
340 33 1009 557 24 35 -1 -1 -1 -1 
340 51 540 367 85 216 -1 -1 -1 -1 
340 52 1196 348 81 245 -1 -1 -1 -1 
341 1 932 86 82 137 -1 -1 -1 -1 
341 3 896 349 77 228 -1 -1 -1 -1 
341 4 329 83 60 143 -1 -1 -1 -1 
341 10 690 150 66 104 -1 -1 -1 -1 
341 33 1009 557 24 35 -1 -1 -1 -1 
341 51 541 369 92 213 -1 -1 -1 -1 
342 1 933 85 81 138 -1 -1 -1 -1 
342 3 896 349 79 230 -1 -1 -1 -1 
342 4 327 80 63 146 -1 -1 -1 -1 
342 10 690 152 65 102 -1 -1 -1 -1 
342 33 1009 557 24 36 -1 -1 -1 -1 
342 51 540 367 100 215 -1 -1 -1 -1 
343 1 933 86 82 137 -1 -1 -1 -1 
343 3 896 350 80 229 -1 -1 -1 -1 
343 4 326 77 63 149 -1 -1 -1 -1 
343 10 691 153 63 101 -1 -1 -1 -1 
343 33 1009 557 24 36 -1 -1 -1 -1 
343 51 541 367 102 215 -1 -1 -1 -1 
344 1 933 86 82 138 -1 -1 -1 -1 
344 3 896 350 81 228 -1 -1 -1 -1 
344 4 322 77 68 148 -1 -1 -1 -1 
344 10 693 155 60 99 -1 -1 -1 -1 
344 33 1009 557 24 36 -1 -1 -1 -1 
344 51 547 369 99 215 -1 -1 -1 -1 
344 53 950 135 17 22 -1 -1 -1 -1 
345 1 932 86 83 138 -1 -1 -1 -1 
345 3 896 351 83 227 -1 -1 -1 -1 
345 4 320 76 70 149 -1 -1 -1 -1 
345 10 694 156 58 99 -1 -1 -1 -1 
345 33 1009 557 24 36 -1 -1 -1 -1 
345 51 553 369 95 215 -1 -1 -1 -1 
345 53 951 135 16 22 -1 -1 -1 -1 
346 1 931 86 85 138 -1 -1 -1 -1 
346 3 896 351 83 227 -1 -1 -1 -1 
346 4 317 75 73 150 -1 -1 -1 -1 
346 10 696 156 56 99 -1 -1 -1 -1 
346 33 1009 557 24 36 -1 -1 -1 -1 
346 51 553 364 98 220 -1 -1 -1 -1 
346 53 955 137 20 20 -1 -1 -1 -1 
347 1 931 87 85 139 -1 -1 -1 -1 
347 3 897 352 86 226 -1 -1 -1 -1 
347 4 314 75 76 150 -1 -1 -1 -1 
347 10 697 157 55 98 -1 -1 -1 -1 
347 33 1010 557 24 36 -1 -1 -1 -1 
347 51 561 364 90 219 -1 -1 -1 -1 
347 53 951 135 17 23 -1 -1 -1 -1 
348 1 930 87 85 139 -1 -1 -1 -1 
348 3 897 351 87 227 -1 -1 -1 -1 
348 4 308 75 82 150 -1 -1 -1 -1 
348 10 697 159 55 97 -1 -1 -1 -1 
348 33 1010 557 24 36 -1 -1 -1 -1 
348 51 571 363 81 220 -1 -1 -1 -1 
348 53 957 137 15 21 -1 -1 -1 -1 
349 1 930 87 85 139 -1 -1 -1 -1 
349 3 897 351 90 227 -1 -1 -1 -1 
349 4 303 75 87 150 -1 -1 -1 -1 
349 10 698 163 55 96 -1 -1 -1 -1 
349 33 1010 557 24 37 -1 -1 -1 -1 
349 51 583 365 71 217 -1 -1 -1 -1 
349 53 958 137 15 22 -1 -1 -1 -1 
350 1 929 87 86 139 -1 -1 -1 -1 
350 3 896 352 92 225 -1 -1 -1 -1 
350 4 299 75 91 150 -1 -1 -1 -1 
350 10 698 166 55 94 -1 -1 -1 -1 
350 33 1010 557 24 37 -1 -1 -1 -1 
350 51 592 366 66 215 -1 -1 -1 -1 
350 53 958 138 15 22 -1 -1 -1 -1 
351 1 929 87 84 140 -1 -1 -1 -1 
351 3 896 352 95 225 -1 -1 -1 -1 
351 4 298 75 92 150 -1 -1 -1 -1 
351 10 696 167 57 94 -1 -1 -1 -1 
351 33 1010 558 25 36 -1 -1 -1 -1 
351 51 602 366 69 213 -1 -1 -1 -1 
352 1 929 88 81 138 -1 -1 -1 -1 
352 3 897 352 95 225 -1 -1 -1 -1 
352 4 292 74 98 151 -1 -1 -1 -1 
352 10 696 172 57 90 -1 -1 -1 -1 
352 33 1010 558 25 35 -1 -1 -1 -1 
352 51 614 365 61 215 -1 -1 -1 -1 
353 1 930 90 77 137 -1 -1 -1 -1 
353 3 899 353 94 224 -1 -1 -1 -1 
353 4 286 75 103 150 -1 -1 -1 -1 
353 10 694 174 59 89 -1 -1 -1 -1 
353 33 1011 558 24 36 -1 -1 -1 -1 
353 51 621 366 57 217 -1 -1 -1 -1 
354 1 929 90 75 136 -1 -1 -1 -1 
354 3 902 353 90 225 -1 -1 -1 -1 
354 4 284 75 104 150 -1 -1 -1 -1 
354 10 693 179 60 85 -1 -1 -1 -1 
354 33 1011 558 24 36 -1 -1 -1 -1 
354 51 625 365 60 218 -1 -1 -1 -1 
355 1 929 91 72 135 -1 -1 -1 -1 
355 3 906 353 86 226 -1 -1 -1 -1 
355 4 282 75 104 150 -1 -1 -1 -1 
355 10 692 181 62 83 -1 -1 -1 -1 
355 33 1011 558 25 36 -1 -1 -1 -1 
355 51 627 365 68 218 -1 -1 -1 -1 
356 1 928 90 67 136 -1 -1 -1 -1 
356 3 913 352 79 227 -1 -1 -1 -1 
356 4 280 75 103 150 -1 -1 -1 -1 
356 10 691 184 64 80 -1 -1 -1 -1 
356 33 1012 558 24 36 -1 -1 -1 -1 
356 51 626 365 79 219 -1 -1 -1 -1 
356 53 958 138 12 24 -1 -1 -1 -1 
357 1 928 91 62 136 -1 -1 -1 -1 
357 3 918 353 73 226 -1 -1 -1 -1 
357 4 280 75 97 150 -1 -1 -1 -1 
357 10 690 185 65 79 -1 -1 -1 -1 
357 33 1012 558 24 36 -1 -1 -1 -1 
357 51 626 365 90 218 -1 -1 -1 -1 
357 53 961 140 12 22 -1 -1 -1 -1 
358 1 928 92 58 136 -1 -1 -1 -1 
358 3 922 353 69 226 -1 -1 -1 -1 
358 4 280 75 92 150 -1 -1 -1 -1 
358 10 690 186 65 79 -1 -1 -1 -1 
358 33 1012 558 24 36 -1 -1 -1 -1 
358 51 625 370 99 215 -1 -1 -1 -1 
358 53 960 141 14 21 -1 -1 -1 -1 
359 1 927 92 59 137 -1 -1 -1 -1 
359 3 922 354 67 225 -1 -1 -1 -1 
359 4 279 74 88 150 -1 -1 -1 -1 
359 10 690 187 65 78 -1 -1 -1 -1 
359 33 1012 558 25 36 -1 -1 -1 -1 
359 51 625 371 108 214 -1 -1 -1 -1 
359 52 1173 344 74 243 -1 -1 -1 -1 
359 53 958 141 16 22 -1 -1 -1 -1 
360 1 927 93 59 137 -1 -1 -1 -1 
360 3 922 354 66 225 -1 -1 -1 -1 
360 4 280 74 82 150 -1 -1 -1 -1 
360 10 689 187 65 78 -1 -1 -1 -1 
360 33 1012 558 25 36 -1 -1 -1 -1 
360 51 629 370 107 216 -1 -1 -1 -1 
360 52 1169 346 76 242 -1 -1 -1 -1 
360 53 958 141 15 22 -1 -1 -1 -1 
360 59 1090 350 81 205 -1 -1 -1 -1 
361 1 926 93 60 137 -1 -1 -1 -1 
361 3 922 354 63 225 -1 -1 -1 -1 
361 4 280 75 79 150 -1 -1 -1 -1 
361 10 688 187 66 78 -1 -1 -1 -1 
361 33 1013 558 24 36 -1 -1 -1 -1 
361 51 632 367 107 217 -1 -1 -1 -1 
361 52 1167 347 76 241 -1 -1 -1 -1 
361 53 957 141 16 22 -1 -1 -1 -1 
361 59 1085 354 88 202 -1 -1 -1 -1 
361 60 317 132 26 21 -1 -1 -1 -1 
362 1 925 94 61 137 -1 -1 -1 -1 
362 3 922 353 60 226 -1 -1 -1 -1 
362 4 279 75 77 151 -1 -1 -1 -1 
362 10 688 188 66 77 -1 -1 -1 -1 
362 33 1013 558 24 36 -1 -1 -1 -1 
362 51 638 369 104 217 -1 -1 -1 -1 
362 52 1163 348 77 238 -1 -1 -1 -1 
362 53 958 143 16 22 -1 -1 -1 -1 
362 59 1079 359 92 198 -1 -1 -1 -1 
362 60 317 132 26 21 -1 -1 -1 -1 
363 1 925 95 61 136 -1 -1 -1 -1 
363 3 922 352 58 228 -1 -1 -1 -1 
363 4 279 75 76 151 -1 -1 -1 -1 
363 10 688 188 66 77 -1 -1 -1 -1 
363 33 1013 558 24 36 -1 -1 -1 -1 
363 51 644 370 99 214 -1 -1 -1 -1 
363 52 1160 347 78 235 -1 -1 -1 -1 
363 53 958 143 16 22 -1 -1 -1 -1 
363 59 1074 359 100 199 -1 -1 -1 -1 
363 60 319 133 22 21 -1 -1 -1 -1 
364 1 926 96 61 135 -1 -1 -1 -1 
364 3 922 353 61 227 -1 -1 -1 -1 
364 4 279 75 74 150 -1 -1 -1 -1 
364 10 688 188 66 77 -1 -1 -1 -1 
364 33 1013 558 25 37 -1 -1 -1 -1 
364 51 654 368 92 214 -1 -1 -1 -1 
364 52 1154 347 83 235 -1 -1 -1 -1 
364 59 1070 360 100 199 -1 -1 -1 -1 
364 60 320 133 20 22 -1 -1 -1 -1 
364 61 327 131 16 23 -1 -1 -1 -1 
365 1 927 97 59 135 -1 -1 -1 -1 
365 3 922 355 66 225 -1 -1 -1 -1 
365 4 279 75 73 151 -1 -1 -1 -1 
365 10 688 189 66 76 -1 -1 -1 -1 
365 33 1013 558 25 37 -1 -1 -1 -1 
365 51 661 368 87 214 -1 -1 -1 -1 
365 52 1151 345 85 236 -1 -1 -1 -1 
365 59 1067 362 92 197 -1 -1 -1 -1 
365 60 320 133 20 22 -1 -1 -1 -1 
366 1 929 97 57 135 -1 -1 -1 -1 
366 3 922 356 71 223 -1 -1 -1 -1 
366 4 279 76 72 151 -1 -1 -1 -1 
366 10 687 189 67 76 -1 -1 -1 -1 
366 33 1013 558 25 36 -1 -1 -1 -1 
366 51 669 368 80 211 -1 -1 -1 -1 
366 52 1149 344 86 237 -1 -1 -1 -1 
366 53 956 142 16 22 -1 -1 -1 -1 
366 59 1066 360 75 200 -1 -1 -1 -1 
366 61 325 132 16 22 -1 -1 -1 -1 
367 1 930 98 56 133 -1 -1 -1 -1 
367 3 921 353 79 227 -1 -1 -1 -1 
367 4 279 76 70 150 -1 -1 -1 -1 
367 10 687 189 68 76 -1 -1 -1 -1 
367 33 1014 558 24 36 -1 -1 -1 -1 
367 51 680 368 66 213 -1 -1 -1 -1 
367 52 1146 344 89 236 -1 -1 -1 -1 
367 53 957 142 15 21 -1 -1 -1 -1 
367 59 1066 363 63 198 -1 -1 -1 -1 
367 60 310 133 27 24 -1 -1 -1 -1 
367 61 321 134 15 23 -1 -1 -1 -1 
368 1 930 99 55 133 -1 -1 -1 -1 
368 3 921 353 81 229 -1 -1 -1 -1 
368 4 279 77 69 149 -1 -1 -1 -1 
368 10 685 189 69 76 -1 -1 -1 -1 
368 33 1014 558 24 36 -1 -1 -1 -1 
368 51 691 365 59 215 -1 -1 -1 -1 
368 52 1143 343 92 236 -1 -1 -1 -1 
368 53 948 143 14 22 -1 -1 -1 -1 
368 59 1065 362 59 199 -1 -1 -1 -1 
368 60 310 133 27 24 -1 -1 -1 -1 
368 61 321 134 14 23 -1 -1 -1 -1 
369 1 930 100 55 131 -1 -1 -1 -1 
369 3 921 353 80 229 -1 -1 -1 -1 
369 4 278 78 69 149 -1 -1 -1 -1 
369 10 685 190 69 75 -1 -1 -1 -1 
369 33 1014 558 24 37 -1 -1 -1 -1 
369 51 700 365 59 220 -1 -1 -1 -1 
369 52 1141 343 94 237 -1 -1 -1 -1 
369 53 947 143 14 21 -1 -1 -1 -1 
369 59 1062 358 65 205 -1 -1 -1 -1 
369 60 310 133 27 25 -1 -1 -1 -1 
369 61 321 134 13 24 -1 -1 -1 -1 
370 1 930 100 54 132 -1 -1 -1 -1 
370 3 921 353 81 228 -1 -1 -1 -1 
370 4 278 78 68 149 -1 -1 -1 -1 
370 10 685 190 70 74 -1 -1 -1 -1 
370 33 1015 557 24 38 -1 -1 -1 -1 
370 51 706 365 58 217 -1 -1 -1 -1 
370 52 1137 344 98 237 -1 -1 -1 -1 
370 53 947 143 14 21 -1 -1 -1 -1 
371 1 931 101 53 131 -1 -1 -1 -1 
371 3 920 353 82 228 -1 -1 -1 -1 
371 4 278 79 67 148 -1 -1 -1 -1 
371 10 684 190 70 75 -1 -1 -1 -1 
371 33 1015 558 24 37 -1 -1 -1 -1 
371 51 709 365 59 217 -1 -1 -1 -1 
371 52 1137 343 98 238 -1 -1 -1 -1 
371 59 1056 352 70 209 -1 -1 -1 -1 
371 61 321 135 14 22 -1 -1 -1 -1 
372 1 931 102 53 131 -1 -1 -1 -1 
372 3 920 353 82 227 -1 -1 -1 -1 
372 4 278 79 66 148 -1 -1 -1 -1 
372 10 682 190 72 75 -1 -1 -1 -1 
372 33 1015 558 23 37 -1 -1 -1 -1 
372 51 712 368 63 215 -1 -1 -1 -1 
372 52 1135 342 100 239 -1 -1 -1 -1 
372 59 1049 355 77 201 -1 -1 -1 -1 
372 61 319 134 15 23 -1 -1 -1 -1 
373 1 932 103 51 130 -1 -1 -1 -1 
373 3 920 354 82 225 -1 -1 -1 -1 
373 4 278 80 66 148 -1 -1 -1 -1 
373 10 680 190 73 74 -1 -1 -1 -1 
373 33 1015 558 23 37 -1 -1 -1 -1 
373 51 711 366 77 215 -1 -1 -1 -1 
373 52 1133 345 100 233 -1 -1 -1 -1 
373 59 1043 355 85 200 -1 -1 -1 -1 
373 61 317 134 16 23 -1 -1 -1 -1 
374 1 932 106 53 129 -1 -1 -1 -1 
374 3 920 355 82 224 -1 -1 -1 -1 
374 4 279 81 64 147 -1 -1 -1 -1 
374 10 678 191 74 73 -1 -1 -1 -1 
374 33 1015 557 24 38 -1 -1 -1 -1 
374 51 711 368 90 215 -1 -1 -1 -1 
374 52 1132 343 100 236 -1 -1 -1 -1 
374 59 1042 356 87 202 -1 -1 -1 -1 
374 61 315 134 17 24 -1 -1 -1 -1 
375 1 934 109 51 127 -1 -1 -1 -1 
375 3 921 356 81 223 -1 -1 -1 -1 
375 4 279 81 65 146 -1 -1 -1 -1 
375 10 676 191 75 73 -1 -1 -1 -1 
375 33 1016 557 23 38 -1 -1 -1 -1 
375 51 712 370 93 213 -1 -1 -1 -1 
375 52 1132 343 100 236 -1 -1 -1 -1 
375 59 1038 353 89 215 -1 -1 -1 -1 
375 61 314 134 17 23 -1 -1 -1 -1 
376 1 934 112 51 124 -1 -1 -1 -1 
376 3 922 358 81 220 -1 -1 -1 -1 
376 4 281 82 62 145 -1 -1 -1 -1 
376 10 674 191 77 73 -1 -1 -1 -1 
376 33 1015 558 23 36 -1 -1 -1 -1 
376 51 715 371 93 214 -1 -1 -1 -1 
376 52 1131 338 101 241 -1 -1 -1 -1 
376 59 1034 353 86 220 -1 -1 -1 -1 
376 61 313 134 17 22 -1 -1 -1 -1 
377 1 934 118 50 119 -1 -1 -1 -1 
377 3 921 360 83 218 -1 -1 -1 -1 
377 4 283 84 60 143 -1 -1 -1 -1 
377 10 672 191 78 73 -1 -1 -1 -1 
377 33 1016 558 23 36 -1 -1 -1 -1 
377 51 717 371 93 216 -1 -1 -1 -1 
377 52 1131 338 98 241 -1 -1 -1 -1 
377 59 1024 358 89 220 -1 -1 -1 -1 
377 61 314 135 16 21 -1 -1 -1 -1 
378 1 933 125 50 112 -1 -1 -1 -1 
378 3 920 361 86 219 -1 -1 -1 -1 
378 4 286 85 57 143 -1 -1 -1 -1 
378 10 671 191 78 73 -1 -1 -1 -1 
378 33 1017 559 22 35 -1 -1 -1 -1 
378 51 722 371 89 215 -1 -1 -1 -1 
378 52 1131 337 95 241 -1 -1 -1 -1 
378 59 1021 363 85 212 -1 -1 -1 -1 
378 61 315 135 15 22 -1 -1 -1 -1 
379 1 932 129 50 108 -1 -1 -1 -1 
379 3 921 359 89 220 -1 -1 -1 -1 
379 4 286 86 57 142 -1 -1 -1 -1 
379 10 670 191 78 73 -1 -1 -1 -1 
379 33 1017 557 23 38 -1 -1 -1 -1 
379 51 727 369 85 216 -1 -1 -1 -1 
379 52 1131 337 93 241 -1 -1 -1 -1 
379 59 1021 363 85 212 -1 -1 -1 -1 
380 1 933 136 48 101 -1 -1 -1 -1 
380 3 921 360 90 222 -1 -1 -1 -1 
380 4 289 88 54 141 -1 -1 -1 -1 
380 10 669 192 79 72 -1 -1 -1 -1 
380 33 1018 557 22 37 -1 -1 -1 -1 
380 51 729 368 83 216 -1 -1 -1 -1 
380 52 1131 336 91 242 -1 -1 -1 -1 
380 61 315 138 15 22 -1 -1 -1 -1 
381 1 931 142 48 96 -1 -1 -1 -1 
381 3 921 360 90 223 -1 -1 -1 -1 
381 4 289 89 54 141 -1 -1 -1 -1 
381 10 669 191 77 72 -1 -1 -1 -1 
381 33 1018 557 22 37 -1 -1 -1 -1 
381 51 736 368 75 213 -1 -1 -1 -1 
381 52 1131 336 87 241 -1 -1 -1 -1 
381 59 1012 373 86 215 -1 -1 -1 -1 
382 1 931 148 47 92 -1 -1 -1 -1 
382 3 921 361 91 222 -1 -1 -1 -1 
382 4 291 92 52 138 -1 -1 -1 -1 
382 10 669 191 76 72 -1 -1 -1 -1 
382 51 744 368 68 212 -1 -1 -1 -1 
382 52 1132 336 84 241 -1 -1 -1 -1 
382 59 1011 373 85 216 -1 -1 -1 -1 
382 61 313 140 17 23 -1 -1 -1 -1 
383 1 930 150 49 89 -1 -1 -1 -1 
383 3 923 361 91 222 -1 -1 -1 -1 
383 4 294 95 48 137 -1 -1 -1 -1 
383 10 669 192 75 71 -1 -1 -1 -1 
383 51 752 366 67 215 -1 -1 -1 -1 
383 52 1130 336 84 240 -1 -1 -1 -1 
383 59 1013 372 87 218 -1 -1 -1 -1 
384 1 930 155 49 85 -1 -1 -1 -1 
384 3 923 359 94 225 -1 -1 -1 -1 
384 4 294 98 48 135 -1 -1 -1 -1 
384 10 670 190 72 73 -1 -1 -1 -1 
384 51 762 367 56 216 -1 -1 -1 -1 
384 52 1130 337 83 238 -1 -1 -1 -1 
384 59 1023 368 76 222 -1 -1 -1 -1 
385 1 930 157 49 82 -1 -1 -1 -1 
385 3 925 359 94 225 -1 -1 -1 -1 
385 4 296 102 46 132 -1 -1 -1 -1 
385 10 669 191 73 72 -1 -1 -1 -1 
385 51 768 365 55 217 -1 -1 -1 -1 
385 52 1129 336 81 240 -1 -1 -1 -1 
385 59 1019 366 79 223 -1 -1 -1 -1 
386 1 930 158 49 81 -1 -1 -1 -1 
386 3 929 359 90 224 -1 -1 -1 -1 
386 4 296 106 46 129 -1 -1 -1 -1 
386 10 669 191 72 72 -1 -1 -1 -1 
386 51 770 365 61 220 -1 -1 -1 -1 
386 52 1130 339 79 236 -1 -1 -1 -1 
386 59 1018 361 77 228 -1 -1 -1 -1 
387 1 930 162 49 78 -1 -1 -1 -1 
387 3 934 358 89 221 -1 -1 -1 -1 
387 4 296 111 47 123 -1 -1 -1 -1 
387 10 669 192 71 71 -1 -1 -1 -1 
387 51 774 365 65 219 -1 -1 -1 -1 
387 52 1129 338 76 236 -1 -1 -1 -1 
387 59 1015 357 71 228 -1 -1 -1 -1 
388 1 929 164 50 77 -1 -1 -1 -1 
388 3 943 357 81 222 -1 -1 -1 -1 
388 4 296 113 49 121 -1 -1 -1 -1 
388 10 669 192 69 71 -1 -1 -1 -1 
388 33 1021 557 23 36 -1 -1 -1 -1 
388 51 776 367 61 218 -1 -1 -1 -1 
388 52 1128 335 69 238 -1 -1 -1 -1 
388 59 1017 354 67 228 -1 -1 -1 -1 
389 1 929 168 49 75 -1 -1 -1 -1 
389 3 950 356 77 223 -1 -1 -1 -1 
389 4 295 119 53 115 -1 -1 -1 -1 
389 10 668 192 68 71 -1 -1 -1 -1 
389 33 1022 556 23 36 -1 -1 -1 -1 
389 51 779 366 64 218 -1 -1 -1 -1 
389 52 1127 334 66 238 -1 -1 -1 -1 
389 59 1020 353 61 224 -1 -1 -1 -1 
390 1 928 171 50 72 -1 -1 -1 -1 
390 3 953 356 79 219 -1 -1 -1 -1 
390 4 297 125 55 109 -1 -1 -1 -1 
390 10 667 192 67 71 -1 -1 -1 -1 
390 33 1022 555 23 36 -1 -1 -1 -1 
390 51 780 366 78 217 -1 -1 -1 -1 
390 52 1126 334 64 240 -1 -1 -1 -1 
390 59 1024 353 57 223 -1 -1 -1 -1 
391 1 928 173 50 71 -1 -1 -1 -1 
391 3 957 355 78 219 -1 -1 -1 -1 
391 4 298 130 56 103 -1 -1 -1 -1 
391 10 667 192 66 71 -1 -1 -1 -1 
391 33 1025 554 23 34 -1 -1 -1 -1 
391 51 779 367 89 214 -1 -1 -1 -1 
391 52 1124 333 64 242 -1 -1 -1 -1 
391 59 1025 354 54 211 -1 -1 -1 -1 
392 1 928 174 49 70 -1 -1 -1 -1 
392 3 965 355 72 220 -1 -1 -1 -1 
392 4 302 132 54 101 -1 -1 -1 -1 
392 10 667 192 65 71 -1 -1 -1 -1 
392 33 1024 554 24 34 -1 -1 -1 -1 
392 51 779 368 98 215 -1 -1 -1 -1 
392 52 1123 334 63 242 -1 -1 -1 -1 
392 59 1026 355 52 209 -1 -1 -1 -1 
393 1 927 175 49 69 -1 -1 -1 -1 
393 3 971 356 69 220 -1 -1 -1 -1 
393 4 303 134 55 99 -1 -1 -1 -1 
393 10 666 192 65 71 -1 -1 -1 -1 
393 33 1025 554 23 33 -1 -1 -1 -1 
393 51 779 369 100 213 -1 -1 -1 -1 
393 52 1122 334 63 242 -1 -1 -1 -1 
393 59 1026 356 53 211 -1 -1 -1 -1 
394 1 925 176 50 68 -1 -1 -1 -1 
394 3 979 357 66 225 -1 -1 -1 -1 
394 4 304 137 57 98 -1 -1 -1 -1 
394 10 666 192 65 70 -1 -1 -1 -1 
394 33 1027 551 22 35 -1 -1 -1 -1 
394 51 780 369 103 215 -1 -1 -1 -1 
394 52 1120 333 63 240 -1 -1 -1 -1 
394 59 1027 357 53 209 -1 -1 -1 -1 
395 1 923 177 52 67 -1 -1 -1 -1 
395 3 981 357 67 226 -1 -1 -1 -1 
395 4 304 140 57 95 -1 -1 -1 -1 
395 10 667 192 64 70 -1 -1 -1 -1 
395 33 1027 551 22 35 -1 -1 -1 -1 
395 51 781 369 103 216 -1 -1 -1 -1 
395 52 1116 334 64 237 -1 -1 -1 -1 
396 1 920 178 55 67 -1 -1 -1 -1 
396 3 983 357 69 224 -1 -1 -1 -1 
396 4 304 142 58 94 -1 -1 -1 -1 
396 10 666 192 64 71 -1 -1 -1 -1 
396 33 1033 549 22 35 -1 -1 -1 -1 
396 51 783 369 102 216 -1 -1 -1 -1 
396 52 1112 334 67 236 -1 -1 -1 -1 
397 1 917 179 57 66 -1 -1 -1 -1 
397 3 985 357 71 223 -1 -1 -1 -1 
397 4 304 145 60 91 -1 -1 -1 -1 
397 10 663 192 67 70 -1 -1 -1 -1 
397 33 1033 549 22 35 -1 -1 -1 -1 
397 51 784 370 106 215 -1 -1 -1 -1 
398 1 915 179 59 66 -1 -1 -1 -1 
398 3 985 356 78 223 -1 -1 -1 -1 
398 4 304 150 62 86 -1 -1 -1 -1 
398 10 659 193 71 69 -1 -1 -1 -1 
398 33 1043 549 22 34 -1 -1 -1 -1 
398 51 786 370 106 215 -1 -1 -1 -1 
398 52 1098 335 77 234 -1 -1 -1 -1 
399 1 913 179 61 66 -1 -1 -1 -1 
399 3 987 353 81 227 -1 -1 -1 -1 
399 4 304 154 63 83 -1 -1 -1 -1 
399 10 656 193 74 69 -1 -1 -1 -1 
399 33 1043 549 22 34 -1 -1 -1 -1 
399 51 788 369 105 216 -1 -1 -1 -1 
400 1 910 179 65 67 -1 -1 -1 -1 
400 3 988 351 83 230 -1 -1 -1 -1 
400 4 304 156 65 82 -1 -1 -1 -1 
400 10 649 193 82 69 -1 -1 -1 -1 
400 33 1053 550 22 31 -1 -1 -1 -1 
400 51 791 368 103 216 -1 -1 -1 -1 
400 52 1093 334 77 235 -1 -1 -1 -1 
401 1 905 179 70 66 -1 -1 -1 -1 
401 3 988 349 84 233 -1 -1 -1 -1 
401 4 305 158 64 80 -1 -1 -1 -1 
401 10 646 195 85 67 -1 -1 -1 -1 
401 33 1056 549 22 32 -1 -1 -1 -1 
401 51 798 368 100 215 -1 -1 -1 -1 
401 52 1092 334 76 235 -1 -1 -1 -1 
402 1 901 179 73 67 -1 -1 -1 -1 
402 3 991 348 81 233 -1 -1 -1 -1 
402 4 305 160 66 79 -1 -1 -1 -1 
402 10 642 195 88 66 -1 -1 -1 -1 
402 33 1060 550 21 32 -1 -1 -1 -1 
402 51 806 368 97 215 -1 -1 -1 -1 
402 52 1093 335 73 234 -1 -1 -1 -1 
403 1 900 179 74 66 -1 -1 -1 -1 
403 3 991 349 81 232 -1 -1 -1 -1 
403 4 306 164 66 74 -1 -1 -1 -1 
403 10 639 195 91 67 -1 -1 -1 -1 
403 33 1060 550 21 32 -1 -1 -1 -1 
403 51 811 366 94 216 -1 -1 -1 -1 
403 52 1093 335 72 234 -1 -1 -1 -1 
404 1 897 179 77 66 -1 -1 -1 -1 
404 3 992 351 81 229 -1 -1 -1 -1 
404 4 306 167 66 74 -1 -1 -1 -1 
404 10 635 196 95 66 -1 -1 -1 -1 
404 33 1062 549 21 33 -1 -1 -1 -1 
404 51 818 366 88 216 -1 -1 -1 -1 
404 52 1092 335 71 234 -1 -1 -1 -1 
405 1 893 179 81 66 -1 -1 -1 -1 
405 3 996 353 78 228 -1 -1 -1 -1 
405 4 307 170 66 72 -1 -1 -1 -1 
405 10 631 196 99 66 -1 -1 -1 -1 
405 33 1065 548 20 34 -1 -1 -1 -1 
405 51 828 365 78 216 -1 -1 -1 -1 
405 52 1091 335 71 235 -1 -1 -1 -1 
406 1 890 179 84 66 -1 -1 -1 -1 
406 3 1004 353 71 229 -1 -1 -1 -1 
406 4 308 172 65 69 -1 -1 -1 -1 
406 10 630 197 101 65 -1 -1 -1 -1 
406 33 1066 548 21 34 -1 -1 -1 -1 
406 51 838 366 68 215 -1 -1 -1 -1 
406 52 1090 334 71 237 -1 -1 -1 -1 
407 1 887 180 86 65 -1 -1 -1 -1 
407 3 1007 353 70 229 -1 -1 -1 -1 
407 4 310 174 64 67 -1 -1 -1 -1 
407 10 630 197 100 65 -1 -1 -1 -1 
407 33 1069 548 21 35 -1 -1 -1 -1 
407 51 847 366 61 216 -1 -1 -1 -1 
407 52 1088 334 72 238 -1 -1 -1 -1 
