4 1 316 167 112 77 -1 -1 -1 -1 
4 2 95 366 93 216 -1 -1 -1 -1 
4 3 573 187 140 74 -1 -1 -1 -1 
4 4 854 170 86 75 -1 -1 -1 -1 
4 5 573 413 143 117 -1 -1 -1 -1 
5 1 316 168 107 76 -1 -1 -1 -1 
5 2 95 367 91 217 -1 -1 -1 -1 
5 3 573 187 140 74 -1 -1 -1 -1 
5 4 854 170 85 75 -1 -1 -1 -1 
5 5 573 413 143 118 -1 -1 -1 -1 
6 1 316 170 112 74 -1 -1 -1 -1 
6 2 92 368 92 216 -1 -1 -1 -1 
6 3 573 187 140 74 -1 -1 -1 -1 
6 4 854 170 85 74 -1 -1 -1 -1 
6 5 573 413 143 118 -1 -1 -1 -1 
7 1 316 171 108 73 -1 -1 -1 -1 
7 2 90 368 91 216 -1 -1 -1 -1 
7 3 573 187 140 74 -1 -1 -1 -1 
7 4 853 170 86 75 -1 -1 -1 -1 
7 5 573 413 143 117 -1 -1 -1 -1 
8 1 316 172 106 72 -1 -1 -1 -1 
8 2 90 368 91 216 -1 -1 -1 -1 
8 3 573 187 140 74 -1 -1 -1 -1 
8 4 853 170 86 74 -1 -1 -1 -1 
9 1 316 173 110 71 -1 -1 -1 -1 
9 3 572 187 141 74 -1 -1 -1 -1 
9 4 852 170 88 74 -1 -1 -1 -1 
9 5 573 412 143 118 -1 -1 -1 -1 
10 1 316 173 112 71 -1 -1 -1 -1 
10 3 572 187 141 74 -1 -1 -1 -1 
10 4 852 170 88 74 -1 -1 -1 -1 
11 1 316 174 115 70 -1 -1 -1 -1 
11 3 571 187 142 74 -1 -1 -1 -1 
11 5 573 413 143 118 -1 -1 -1 -1 
12 1 316 174 117 70 -1 -1 -1 -1 
12 3 571 187 142 74 -1 -1 -1 -1 
12 4 850 168 88 77 -1 -1 -1 -1 
12 5 572 413 144 118 -1 -1 -1 -1 
13 1 316 174 118 70 -1 -1 -1 -1 
13 3 572 187 140 74 -1 -1 -1 -1 
13 4 849 168 89 77 -1 -1 -1 -1 
13 5 572 412 144 118 -1 -1 -1 -1 
14 1 316 174 121 70 -1 -1 -1 -1 
14 3 572 187 140 74 -1 -1 -1 -1 
14 4 848 168 90 77 -1 -1 -1 -1 
14 5 572 412 144 118 -1 -1 -1 -1 
15 1 315 175 126 67 -1 -1 -1 -1 
15 3 572 187 139 74 -1 -1 -1 -1 
15 4 847 167 91 77 -1 -1 -1 -1 
15 5 573 412 143 119 -1 -1 -1 -1 
16 1 315 175 126 67 -1 -1 -1 -1 
16 3 572 187 139 74 -1 -1 -1 -1 
16 4 846 167 92 77 -1 -1 -1 -1 
16 5 573 412 143 119 -1 -1 -1 -1 
17 1 316 176 125 66 -1 -1 -1 -1 
17 3 572 187 139 75 -1 -1 -1 -1 
17 4 845 167 93 77 -1 -1 -1 -1 
17 5 573 412 143 118 -1 -1 -1 -1 
18 1 315 176 127 67 -1 -1 -1 -1 
18 3 572 187 138 75 -1 -1 -1 -1 
18 4 844 167 95 77 -1 -1 -1 -1 
18 5 573 412 143 118 -1 -1 -1 -1 
19 1 315 177 127 66 -1 -1 -1 -1 
19 3 572 187 139 74 -1 -1 -1 -1 
19 4 842 168 96 76 -1 -1 -1 -1 
19 5 572 412 144 119 -1 -1 -1 -1 
20 1 316 177 127 66 -1 -1 -1 -1 
20 3 572 187 138 74 -1 -1 -1 -1 
20 4 840 168 98 76 -1 -1 -1 -1 
20 5 572 412 144 119 -1 -1 -1 -1 
21 1 316 178 127 65 -1 -1 -1 -1 
21 3 572 187 138 74 -1 -1 -1 -1 
21 4 839 168 98 77 -1 -1 -1 -1 
21 5 573 412 143 119 -1 -1 -1 -1 
22 1 316 179 124 65 -1 -1 -1 -1 
22 3 571 187 138 74 -1 -1 -1 -1 
22 4 838 168 100 77 -1 -1 -1 -1 
22 5 573 412 143 119 -1 -1 -1 -1 
23 1 316 179 125 65 -1 -1 -1 -1 
23 3 571 187 138 74 -1 -1 -1 -1 
23 4 835 168 103 77 -1 -1 -1 -1 
23 5 573 412 143 119 -1 -1 -1 -1 
24 1 316 178 129 64 -1 -1 -1 -1 
24 3 571 187 138 74 -1 -1 -1 -1 
24 4 832 168 105 77 -1 -1 -1 -1 
24 5 573 412 143 119 -1 -1 -1 -1 
25 1 316 178 130 65 -1 -1 -1 -1 
25 3 571 187 139 74 -1 -1 -1 -1 
25 4 831 169 105 75 -1 -1 -1 -1 
25 5 573 412 143 119 -1 -1 -1 -1 
26 1 317 178 129 65 -1 -1 -1 -1 
26 3 571 188 139 73 -1 -1 -1 -1 
26 4 829 170 107 74 -1 -1 -1 -1 
26 5 573 412 143 119 -1 -1 -1 -1 
27 1 317 178 132 65 -1 -1 -1 -1 
27 3 571 188 139 73 -1 -1 -1 -1 
27 4 826 170 110 75 -1 -1 -1 -1 
27 5 573 412 143 119 -1 -1 -1 -1 
28 1 315 178 133 66 -1 -1 -1 -1 
28 3 571 189 138 72 -1 -1 -1 -1 
28 4 822 171 114 73 -1 -1 -1 -1 
28 5 573 412 143 119 -1 -1 -1 -1 
29 1 314 178 135 66 -1 -1 -1 -1 
29 3 570 189 139 72 -1 -1 -1 -1 
29 4 819 171 117 73 -1 -1 -1 -1 
29 5 573 412 143 119 -1 -1 -1 -1 
30 1 317 179 130 64 -1 -1 -1 -1 
30 3 570 188 139 73 -1 -1 -1 -1 
30 4 817 171 119 73 -1 -1 -1 -1 
30 5 573 412 143 119 -1 -1 -1 -1 
31 1 314 178 136 66 -1 -1 -1 -1 
31 3 570 188 139 73 -1 -1 -1 -1 
31 4 817 171 120 73 -1 -1 -1 -1 
31 5 573 412 143 119 -1 -1 -1 -1 
32 1 314 177 135 66 -1 -1 -1 -1 
32 3 570 188 139 73 -1 -1 -1 -1 
32 4 816 172 121 72 -1 -1 -1 -1 
32 5 573 412 143 119 -1 -1 -1 -1 
33 1 317 177 137 66 -1 -1 -1 -1 
33 3 570 188 139 73 -1 -1 -1 -1 
33 4 816 172 121 72 -1 -1 -1 -1 
33 5 574 412 141 119 -1 -1 -1 -1 
34 1 314 176 134 67 -1 -1 -1 -1 
34 3 570 188 139 73 -1 -1 -1 -1 
34 4 815 172 122 73 -1 -1 -1 -1 
34 5 574 412 141 119 -1 -1 -1 -1 
35 1 314 175 137 68 -1 -1 -1 -1 
35 3 570 188 138 73 -1 -1 -1 -1 
35 4 815 172 122 73 -1 -1 -1 -1 
35 5 574 412 142 119 -1 -1 -1 -1 
36 1 315 174 138 69 -1 -1 -1 -1 
36 3 570 188 138 73 -1 -1 -1 -1 
36 4 815 172 122 73 -1 -1 -1 -1 
36 5 574 412 141 119 -1 -1 -1 -1 
37 1 316 173 137 70 -1 -1 -1 -1 
37 3 570 187 139 74 -1 -1 -1 -1 
37 4 815 173 121 72 -1 -1 -1 -1 
37 5 574 412 142 119 -1 -1 -1 -1 
38 1 318 172 135 71 -1 -1 -1 -1 
38 3 570 187 138 74 -1 -1 -1 -1 
38 4 815 173 121 72 -1 -1 -1 -1 
38 5 574 412 142 119 -1 -1 -1 -1 
39 1 325 172 133 71 -1 -1 -1 -1 
39 3 570 187 138 74 -1 -1 -1 -1 
39 4 814 173 122 72 -1 -1 -1 -1 
39 5 574 413 142 118 -1 -1 -1 -1 
40 1 327 172 131 71 -1 -1 -1 -1 
40 3 570 188 138 73 -1 -1 -1 -1 
40 4 814 173 123 72 -1 -1 -1 -1 
40 5 574 413 142 118 -1 -1 -1 -1 
40 6 1114 372 97 215 -1 -1 -1 -1 
41 1 330 171 129 72 -1 -1 -1 -1 
41 3 570 188 138 73 -1 -1 -1 -1 
41 4 814 173 123 72 -1 -1 -1 -1 
41 5 574 413 142 118 -1 -1 -1 -1 
41 6 1110 372 99 215 -1 -1 -1 -1 
42 1 334 170 125 73 -1 -1 -1 -1 
42 3 570 188 138 73 -1 -1 -1 -1 
42 4 814 173 123 72 -1 -1 -1 -1 
42 5 574 412 142 119 -1 -1 -1 -1 
42 6 1107 370 101 221 -1 -1 -1 -1 
43 1 335 170 124 73 -1 -1 -1 -1 
43 3 570 188 138 73 -1 -1 -1 -1 
43 4 814 173 123 72 -1 -1 -1 -1 
43 5 574 413 142 118 -1 -1 -1 -1 
43 6 1105 371 101 218 -1 -1 -1 -1 
44 1 336 170 123 73 -1 -1 -1 -1 
44 3 570 188 138 73 -1 -1 -1 -1 
44 4 814 174 123 71 -1 -1 -1 -1 
44 5 574 412 142 119 -1 -1 -1 -1 
44 6 1103 370 102 218 -1 -1 -1 -1 
45 1 337 170 122 73 -1 -1 -1 -1 
45 3 570 188 138 73 -1 -1 -1 -1 
45 4 814 174 123 72 -1 -1 -1 -1 
45 5 574 413 142 118 -1 -1 -1 -1 
45 6 1101 371 103 216 -1 -1 -1 -1 
46 1 337 170 122 73 -1 -1 -1 -1 
46 3 570 188 138 73 -1 -1 -1 -1 
46 4 814 175 123 71 -1 -1 -1 -1 
46 5 573 413 143 118 -1 -1 -1 -1 
46 6 1102 366 102 218 -1 -1 -1 -1 
47 1 337 170 122 73 -1 -1 -1 -1 
47 3 570 188 138 73 -1 -1 -1 -1 
47 4 813 177 124 69 -1 -1 -1 -1 
47 5 573 412 143 119 -1 -1 -1 -1 
47 6 1101 364 101 219 -1 -1 -1 -1 
48 1 337 170 122 73 -1 -1 -1 -1 
48 3 570 188 138 73 -1 -1 -1 -1 
48 4 813 178 124 68 -1 -1 -1 -1 
48 5 574 413 142 118 -1 -1 -1 -1 
48 6 1101 364 101 219 -1 -1 -1 -1 
49 1 337 170 122 73 -1 -1 -1 -1 
49 3 570 188 138 73 -1 -1 -1 -1 
49 4 813 178 124 68 -1 -1 -1 -1 
49 5 574 412 142 119 -1 -1 -1 -1 
49 6 1099 364 101 218 -1 -1 -1 -1 
50 1 336 170 123 73 -1 -1 -1 -1 
50 3 570 188 138 73 -1 -1 -1 -1 
50 4 813 179 124 67 -1 -1 -1 -1 
50 5 573 413 143 118 -1 -1 -1 -1 
50 6 1099 364 97 219 -1 -1 -1 -1 
51 1 336 171 123 72 -1 -1 -1 -1 
51 3 570 188 138 73 -1 -1 -1 -1 
51 4 812 179 124 67 -1 -1 -1 -1 
51 5 573 413 143 118 -1 -1 -1 -1 
51 6 1098 364 88 219 -1 -1 -1 -1 
52 1 336 171 123 72 -1 -1 -1 -1 
52 3 570 188 138 73 -1 -1 -1 -1 
52 4 812 179 125 68 -1 -1 -1 -1 
52 5 571 412 145 117 -1 -1 -1 -1 
52 6 1098 363 71 218 -1 -1 -1 -1 
53 1 337 171 122 72 -1 -1 -1 -1 
53 3 570 188 138 73 -1 -1 -1 -1 
53 4 811 179 126 68 -1 -1 -1 -1 
53 5 571 412 145 117 -1 -1 -1 -1 
53 6 1098 363 67 218 -1 -1 -1 -1 
54 1 337 171 122 72 -1 -1 -1 -1 
54 3 570 188 138 73 -1 -1 -1 -1 
54 4 810 179 127 68 -1 -1 -1 -1 
54 5 571 412 145 117 -1 -1 -1 -1 
54 6 1099 366 61 215 -1 -1 -1 -1 
55 1 337 172 122 71 -1 -1 -1 -1 
55 3 570 188 138 73 -1 -1 -1 -1 
55 4 810 179 127 68 -1 -1 -1 -1 
55 5 571 412 145 117 -1 -1 -1 -1 
55 6 1099 366 60 215 -1 -1 -1 -1 
56 1 337 172 122 71 -1 -1 -1 -1 
56 3 570 188 138 73 -1 -1 -1 -1 
56 4 810 179 128 68 -1 -1 -1 -1 
56 5 572 412 144 117 -1 -1 -1 -1 
56 6 1096 364 62 219 -1 -1 -1 -1 
57 1 337 172 122 71 -1 -1 -1 -1 
57 3 570 188 138 73 -1 -1 -1 -1 
57 4 809 178 129 69 -1 -1 -1 -1 
57 5 572 412 144 117 -1 -1 -1 -1 
57 6 1094 364 62 218 -1 -1 -1 -1 
58 1 337 172 122 71 -1 -1 -1 -1 
58 3 570 188 138 73 -1 -1 -1 -1 
58 4 809 178 129 69 -1 -1 -1 -1 
58 5 571 412 145 117 -1 -1 -1 -1 
58 6 1092 365 64 216 -1 -1 -1 -1 
59 1 337 173 122 70 -1 -1 -1 -1 
59 3 570 187 138 74 -1 -1 -1 -1 
59 4 809 178 129 69 -1 -1 -1 -1 
59 5 572 412 144 117 -1 -1 -1 -1 
59 6 1088 366 68 216 -1 -1 -1 -1 
60 1 337 173 122 70 -1 -1 -1 -1 
60 3 570 187 138 74 -1 -1 -1 -1 
60 4 809 178 129 69 -1 -1 -1 -1 
60 5 572 412 144 117 -1 -1 -1 -1 
60 6 1086 366 70 216 -1 -1 -1 -1 
61 1 336 173 123 70 -1 -1 -1 -1 
61 3 571 188 137 73 -1 -1 -1 -1 
61 4 809 178 129 69 -1 -1 -1 -1 
61 5 572 412 144 117 -1 -1 -1 -1 
61 6 1080 367 75 215 -1 -1 -1 -1 
62 1 337 173 122 70 -1 -1 -1 -1 
62 3 570 187 138 74 -1 -1 -1 -1 
62 4 809 178 129 69 -1 -1 -1 -1 
62 5 572 412 144 117 -1 -1 -1 -1 
62 6 1077 367 77 214 -1 -1 -1 -1 
63 1 337 173 122 70 -1 -1 -1 -1 
63 3 570 187 138 74 -1 -1 -1 -1 
63 4 809 178 129 69 -1 -1 -1 -1 
63 5 572 412 144 117 -1 -1 -1 -1 
63 6 1078 367 75 213 -1 -1 -1 -1 
64 1 337 174 122 69 -1 -1 -1 -1 
64 3 570 187 138 74 -1 -1 -1 -1 
64 4 809 178 129 69 -1 -1 -1 -1 
64 5 571 412 145 117 -1 -1 -1 -1 
64 6 1077 366 74 213 -1 -1 -1 -1 
64 7 88 384 92 208 -1 -1 -1 -1 
65 1 337 174 122 69 -1 -1 -1 -1 
65 3 570 187 138 74 -1 -1 -1 -1 
65 4 809 178 129 69 -1 -1 -1 -1 
65 5 571 412 145 117 -1 -1 -1 -1 
65 6 1072 366 75 213 -1 -1 -1 -1 
65 7 88 385 95 207 -1 -1 -1 -1 
66 1 337 174 122 69 -1 -1 -1 -1 
66 3 570 187 138 74 -1 -1 -1 -1 
66 4 809 178 129 69 -1 -1 -1 -1 
66 5 571 412 144 117 -1 -1 -1 -1 
66 6 1063 367 79 210 -1 -1 -1 -1 
66 7 89 387 96 204 -1 -1 -1 -1 
67 1 337 174 122 69 -1 -1 -1 -1 
67 3 570 187 138 74 -1 -1 -1 -1 
67 4 809 178 129 70 -1 -1 -1 -1 
67 5 571 412 144 117 -1 -1 -1 -1 
67 6 1065 367 74 209 -1 -1 -1 -1 
67 7 90 392 98 196 -1 -1 -1 -1 
68 1 337 174 121 69 -1 -1 -1 -1 
68 3 570 187 138 74 -1 -1 -1 -1 
68 4 809 178 129 70 -1 -1 -1 -1 
68 5 571 412 144 117 -1 -1 -1 -1 
68 6 1066 366 70 210 -1 -1 -1 -1 
68 7 91 392 100 196 -1 -1 -1 -1 
69 1 336 174 122 69 -1 -1 -1 -1 
69 3 571 187 137 74 -1 -1 -1 -1 
69 4 809 178 128 70 -1 -1 -1 -1 
69 5 571 412 144 118 -1 -1 -1 -1 
69 6 1067 366 66 208 -1 -1 -1 -1 
69 7 99 390 98 195 -1 -1 -1 -1 
70 1 336 174 122 69 -1 -1 -1 -1 
70 3 571 187 137 74 -1 -1 -1 -1 
70 4 809 178 128 70 -1 -1 -1 -1 
70 5 571 412 144 118 -1 -1 -1 -1 
70 6 1068 366 64 209 -1 -1 -1 -1 
70 7 103 391 98 186 -1 -1 -1 -1 
71 1 337 174 121 69 -1 -1 -1 -1 
71 3 570 187 138 74 -1 -1 -1 -1 
71 4 809 178 127 70 -1 -1 -1 -1 
71 5 571 412 144 118 -1 -1 -1 -1 
71 6 1069 366 61 207 -1 -1 -1 -1 
71 7 109 389 97 189 -1 -1 -1 -1 
72 1 336 174 121 69 -1 -1 -1 -1 
72 3 570 187 138 74 -1 -1 -1 -1 
72 4 809 178 127 70 -1 -1 -1 -1 
72 5 571 412 144 117 -1 -1 -1 -1 
72 6 1069 365 60 206 -1 -1 -1 -1 
72 7 115 394 96 180 -1 -1 -1 -1 
73 1 336 174 121 69 -1 -1 -1 -1 
73 3 570 187 138 74 -1 -1 -1 -1 
73 4 808 178 128 70 -1 -1 -1 -1 
73 5 571 412 145 117 -1 -1 -1 -1 
73 6 1068 364 62 207 -1 -1 -1 -1 
73 7 120 394 102 179 -1 -1 -1 -1 
74 1 336 174 121 69 -1 -1 -1 -1 
74 3 570 187 138 74 -1 -1 -1 -1 
74 4 808 178 128 70 -1 -1 -1 -1 
74 5 571 412 145 117 -1 -1 -1 -1 
74 6 1067 364 63 207 -1 -1 -1 -1 
74 7 123 393 91 178 -1 -1 -1 -1 
75 1 336 174 120 69 -1 -1 -1 -1 
75 3 571 187 137 74 -1 -1 -1 -1 
75 4 809 178 127 70 -1 -1 -1 -1 
75 5 573 413 142 118 -1 -1 -1 -1 
75 6 1065 364 63 209 -1 -1 -1 -1 
75 7 125 388 95 179 -1 -1 -1 -1 
76 1 336 175 120 68 -1 -1 -1 -1 
76 3 571 187 137 74 -1 -1 -1 -1 
76 4 809 178 127 70 -1 -1 -1 -1 
76 5 573 413 142 118 -1 -1 -1 -1 
76 6 1064 363 64 211 -1 -1 -1 -1 
76 7 133 383 90 182 -1 -1 -1 -1 
77 1 336 175 119 69 -1 -1 -1 -1 
77 3 571 187 138 74 -1 -1 -1 -1 
77 4 809 178 127 70 -1 -1 -1 -1 
77 5 573 413 142 118 -1 -1 -1 -1 
77 6 1061 363 66 212 -1 -1 -1 -1 
77 7 137 382 87 175 -1 -1 -1 -1 
78 1 336 175 119 69 -1 -1 -1 -1 
78 3 571 187 138 74 -1 -1 -1 -1 
78 4 809 178 127 70 -1 -1 -1 -1 
78 5 571 412 145 117 -1 -1 -1 -1 
78 6 1060 364 68 214 -1 -1 -1 -1 
78 7 145 378 85 176 -1 -1 -1 -1 
79 1 336 175 120 69 -1 -1 -1 -1 
79 3 571 187 137 74 -1 -1 -1 -1 
79 4 809 177 127 71 -1 -1 -1 -1 
79 5 573 413 142 118 -1 -1 -1 -1 
79 6 1058 363 67 212 -1 -1 -1 -1 
79 7 156 377 78 177 -1 -1 -1 -1 
80 1 336 175 121 69 -1 -1 -1 -1 
80 3 571 187 137 74 -1 -1 -1 -1 
80 4 809 177 127 71 -1 -1 -1 -1 
80 5 573 413 142 118 -1 -1 -1 -1 
80 6 1057 362 68 213 -1 -1 -1 -1 
80 7 164 375 72 179 -1 -1 -1 -1 
81 1 336 175 121 69 -1 -1 -1 -1 
81 3 571 187 138 74 -1 -1 -1 -1 
81 4 809 177 127 71 -1 -1 -1 -1 
81 5 573 413 143 118 -1 -1 -1 -1 
81 6 1056 362 67 213 -1 -1 -1 -1 
81 7 168 373 73 181 -1 -1 -1 -1 
82 1 336 175 120 69 -1 -1 -1 -1 
82 3 570 188 138 73 -1 -1 -1 -1 
82 4 809 177 127 71 -1 -1 -1 -1 
82 5 573 413 143 118 -1 -1 -1 -1 
82 6 1054 362 67 213 -1 -1 -1 -1 
82 7 179 368 66 183 -1 -1 -1 -1 
83 1 336 175 121 69 -1 -1 -1 -1 
83 3 570 188 138 73 -1 -1 -1 -1 
83 4 809 177 127 71 -1 -1 -1 -1 
83 5 571 412 146 117 -1 -1 -1 -1 
83 6 1052 362 67 212 -1 -1 -1 -1 
83 7 182 363 64 184 -1 -1 -1 -1 
84 1 336 175 120 69 -1 -1 -1 -1 
84 3 570 187 138 74 -1 -1 -1 -1 
84 4 809 177 127 71 -1 -1 -1 -1 
84 5 573 413 142 118 -1 -1 -1 -1 
84 6 1050 363 67 215 -1 -1 -1 -1 
84 7 168 358 79 176 -1 -1 -1 -1 
85 1 336 175 120 69 -1 -1 -1 -1 
85 3 570 188 138 73 -1 -1 -1 -1 
85 4 809 177 127 71 -1 -1 -1 -1 
85 5 574 413 141 118 -1 -1 -1 -1 
85 6 1048 365 68 213 -1 -1 -1 -1 
85 7 182 352 67 167 -1 -1 -1 -1 
86 1 336 175 120 69 -1 -1 -1 -1 
86 3 570 188 138 73 -1 -1 -1 -1 
86 4 808 178 128 70 -1 -1 -1 -1 
86 5 573 413 143 118 -1 -1 -1 -1 
86 6 1046 366 70 212 -1 -1 -1 -1 
86 7 182 348 79 173 -1 -1 -1 -1 
87 1 336 175 120 69 -1 -1 -1 -1 
87 3 570 188 138 73 -1 -1 -1 -1 
87 4 809 178 127 70 -1 -1 -1 -1 
87 5 573 413 143 117 -1 -1 -1 -1 
87 6 1045 366 70 212 -1 -1 -1 -1 
87 7 180 343 94 176 -1 -1 -1 -1 
88 1 337 175 121 69 -1 -1 -1 -1 
88 3 570 188 138 73 -1 -1 -1 -1 
88 4 808 178 128 70 -1 -1 -1 -1 
88 5 573 413 143 118 -1 -1 -1 -1 
88 6 1044 366 70 212 -1 -1 -1 -1 
88 7 180 337 89 182 -1 -1 -1 -1 
89 1 337 175 122 69 -1 -1 -1 -1 
89 3 570 188 138 73 -1 -1 -1 -1 
89 4 808 178 128 70 -1 -1 -1 -1 
89 5 571 412 145 117 -1 -1 -1 -1 
89 6 1043 367 71 210 -1 -1 -1 -1 
89 7 181 333 87 187 -1 -1 -1 -1 
90 1 337 175 122 69 -1 -1 -1 -1 
90 3 570 188 138 73 -1 -1 -1 -1 
90 4 808 178 128 70 -1 -1 -1 -1 
90 5 572 412 144 117 -1 -1 -1 -1 
90 6 1041 367 72 209 -1 -1 -1 -1 
90 7 185 330 82 188 -1 -1 -1 -1 
91 1 337 175 122 69 -1 -1 -1 -1 
91 3 570 187 138 74 -1 -1 -1 -1 
91 4 808 178 128 70 -1 -1 -1 -1 
91 5 572 411 144 118 -1 -1 -1 -1 
91 6 1040 367 72 209 -1 -1 -1 -1 
91 7 190 326 77 182 -1 -1 -1 -1 
92 1 337 175 122 69 -1 -1 -1 -1 
92 3 570 188 138 73 -1 -1 -1 -1 
92 4 808 178 128 70 -1 -1 -1 -1 
92 5 572 411 144 119 -1 -1 -1 -1 
92 6 1040 367 71 209 -1 -1 -1 -1 
92 7 192 327 80 168 -1 -1 -1 -1 
93 1 337 175 123 69 -1 -1 -1 -1 
93 3 570 188 138 73 -1 -1 -1 -1 
93 4 808 178 128 70 -1 -1 -1 -1 
93 5 572 411 144 118 -1 -1 -1 -1 
93 6 1039 367 72 208 -1 -1 -1 -1 
93 7 189 326 87 167 -1 -1 -1 -1 
93 8 177 367 18 28 -1 -1 -1 -1 
94 1 338 175 122 69 -1 -1 -1 -1 
94 3 570 188 138 73 -1 -1 -1 -1 
94 4 808 178 128 70 -1 -1 -1 -1 
94 5 569 408 151 123 -1 -1 -1 -1 
94 6 1039 366 70 209 -1 -1 -1 -1 
94 7 196 330 85 158 -1 -1 -1 -1 
94 8 176 355 20 32 -1 -1 -1 -1 
95 1 337 175 123 69 -1 -1 -1 -1 
95 3 570 188 138 73 -1 -1 -1 -1 
95 4 808 178 128 70 -1 -1 -1 -1 
95 5 569 408 151 123 -1 -1 -1 -1 
95 6 1038 366 70 208 -1 -1 -1 -1 
95 7 205 333 82 156 -1 -1 -1 -1 
95 8 179 351 20 29 -1 -1 -1 -1 
96 1 337 175 123 69 -1 -1 -1 -1 
96 3 570 189 138 73 -1 -1 -1 -1 
96 4 808 178 128 70 -1 -1 -1 -1 
96 5 574 411 142 120 -1 -1 -1 -1 
96 6 1037 366 70 209 -1 -1 -1 -1 
96 7 201 336 95 152 -1 -1 -1 -1 
96 8 186 349 20 30 -1 -1 -1 -1 
97 1 338 175 122 69 -1 -1 -1 -1 
97 3 571 189 137 73 -1 -1 -1 -1 
97 4 808 178 128 70 -1 -1 -1 -1 
97 5 574 412 142 119 -1 -1 -1 -1 
97 6 1037 365 69 210 -1 -1 -1 -1 
97 7 197 340 105 148 -1 -1 -1 -1 
97 8 196 347 21 30 -1 -1 -1 -1 
98 1 338 175 122 69 -1 -1 -1 -1 
98 3 570 189 138 73 -1 -1 -1 -1 
98 4 808 178 128 70 -1 -1 -1 -1 
98 5 574 411 141 120 -1 -1 -1 -1 
98 6 1035 365 71 210 -1 -1 -1 -1 
98 7 200 343 110 147 -1 -1 -1 -1 
99 1 338 175 122 69 -1 -1 -1 -1 
99 3 570 189 138 73 -1 -1 -1 -1 
99 4 808 178 128 70 -1 -1 -1 -1 
99 5 574 411 141 120 -1 -1 -1 -1 
99 6 1034 365 72 210 -1 -1 -1 -1 
99 7 204 347 108 142 -1 -1 -1 -1 
100 1 339 175 122 69 -1 -1 -1 -1 
100 3 573 190 141 72 -1 -1 -1 -1 
100 4 808 178 128 70 -1 -1 -1 -1 
100 5 574 411 141 120 -1 -1 -1 -1 
100 6 1034 365 71 210 -1 -1 -1 -1 
100 7 206 347 108 142 -1 -1 -1 -1 
101 1 339 175 122 69 -1 -1 -1 -1 
101 3 572 189 139 74 -1 -1 -1 -1 
101 4 808 178 128 70 -1 -1 -1 -1 
101 5 574 411 141 120 -1 -1 -1 -1 
101 6 1033 365 71 211 -1 -1 -1 -1 
101 7 211 344 110 139 -1 -1 -1 -1 
102 1 340 174 121 70 -1 -1 -1 -1 
102 3 572 188 139 75 -1 -1 -1 -1 
102 4 808 178 128 70 -1 -1 -1 -1 
102 5 572 411 144 119 -1 -1 -1 -1 
102 6 1033 365 71 211 -1 -1 -1 -1 
102 7 215 339 108 139 -1 -1 -1 -1 
103 1 341 174 121 71 -1 -1 -1 -1 
103 3 572 190 141 72 -1 -1 -1 -1 
103 4 808 178 128 70 -1 -1 -1 -1 
103 5 572 411 144 119 -1 -1 -1 -1 
103 6 1032 366 70 210 -1 -1 -1 -1 
103 7 221 344 119 129 -1 -1 -1 -1 
104 1 342 174 120 71 -1 -1 -1 -1 
104 3 572 190 141 72 -1 -1 -1 -1 
104 4 808 178 128 70 -1 -1 -1 -1 
104 5 572 412 144 118 -1 -1 -1 -1 
104 6 1031 366 69 210 -1 -1 -1 -1 
104 7 224 351 125 120 -1 -1 -1 -1 
105 1 342 173 121 72 -1 -1 -1 -1 
105 3 570 189 138 74 -1 -1 -1 -1 
105 4 808 177 127 71 -1 -1 -1 -1 
105 5 572 411 144 119 -1 -1 -1 -1 
105 6 1030 366 68 208 -1 -1 -1 -1 
105 7 225 360 100 112 -1 -1 -1 -1 
106 1 345 173 119 72 -1 -1 -1 -1 
106 3 570 188 138 75 -1 -1 -1 -1 
106 4 808 177 127 71 -1 -1 -1 -1 
106 5 572 412 144 118 -1 -1 -1 -1 
106 6 1028 366 70 207 -1 -1 -1 -1 
106 7 227 364 94 107 -1 -1 -1 -1 
106 8 372 384 22 30 -1 -1 -1 -1 
107 1 347 173 117 72 -1 -1 -1 -1 
107 3 570 188 138 75 -1 -1 -1 -1 
107 4 807 177 128 71 -1 -1 -1 -1 
107 5 571 412 146 118 -1 -1 -1 -1 
107 6 1027 364 71 208 -1 -1 -1 -1 
107 7 230 364 81 105 -1 -1 -1 -1 
107 8 378 367 22 31 -1 -1 -1 -1 
108 1 348 173 116 72 -1 -1 -1 -1 
108 3 570 188 138 75 -1 -1 -1 -1 
108 4 808 177 126 71 -1 -1 -1 -1 
108 5 571 412 146 118 -1 -1 -1 -1 
108 6 1025 364 73 206 -1 -1 -1 -1 
108 7 225 359 75 109 -1 -1 -1 -1 
108 8 386 354 21 28 -1 -1 -1 -1 
109 1 348 172 117 73 -1 -1 -1 -1 
109 3 570 190 136 72 -1 -1 -1 -1 
109 4 808 176 126 72 -1 -1 -1 -1 
109 5 571 413 145 117 -1 -1 -1 -1 
109 6 1021 364 76 204 -1 -1 -1 -1 
109 7 243 355 57 107 -1 -1 -1 -1 
109 8 393 340 21 30 -1 -1 -1 -1 
110 1 348 172 117 73 -1 -1 -1 -1 
110 3 564 190 143 72 -1 -1 -1 -1 
110 4 808 176 125 72 -1 -1 -1 -1 
110 5 571 412 145 118 -1 -1 -1 -1 
110 6 1019 364 76 203 -1 -1 -1 -1 
110 7 237 356 66 106 -1 -1 -1 -1 
110 8 401 329 19 29 -1 -1 -1 -1 
111 1 348 172 118 73 -1 -1 -1 -1 
111 3 557 191 150 70 -1 -1 -1 -1 
111 4 808 176 123 72 -1 -1 -1 -1 
111 5 571 412 146 118 -1 -1 -1 -1 
111 6 1016 364 76 203 -1 -1 -1 -1 
111 7 234 358 70 103 -1 -1 -1 -1 
111 8 407 319 21 28 -1 -1 -1 -1 
112 1 348 173 118 72 -1 -1 -1 -1 
112 3 550 192 160 69 -1 -1 -1 -1 
112 4 807 175 122 72 -1 -1 -1 -1 
112 5 571 411 145 119 -1 -1 -1 -1 
112 6 1008 365 83 203 -1 -1 -1 -1 
112 7 229 353 76 106 -1 -1 -1 -1 
112 8 415 311 19 29 -1 -1 -1 -1 
113 1 348 173 118 72 -1 -1 -1 -1 
113 3 546 194 164 67 -1 -1 -1 -1 
113 4 807 175 120 72 -1 -1 -1 -1 
113 5 571 411 146 119 -1 -1 -1 -1 
113 6 1002 364 87 203 -1 -1 -1 -1 
113 7 226 351 84 106 -1 -1 -1 -1 
113 8 422 304 20 27 -1 -1 -1 -1 
114 1 348 173 119 72 -1 -1 -1 -1 
114 3 546 196 164 65 -1 -1 -1 -1 
114 4 806 175 118 71 -1 -1 -1 -1 
114 5 571 412 145 118 -1 -1 -1 -1 
114 6 987 365 98 201 -1 -1 -1 -1 
114 7 228 349 97 108 -1 -1 -1 -1 
114 8 429 298 19 29 -1 -1 -1 -1 
115 1 349 173 118 72 -1 -1 -1 -1 
115 3 546 197 162 64 -1 -1 -1 -1 
115 4 806 175 117 71 -1 -1 -1 -1 
115 5 571 412 145 118 -1 -1 -1 -1 
115 6 976 366 107 200 -1 -1 -1 -1 
115 7 232 348 121 107 -1 -1 -1 -1 
115 8 435 295 18 27 -1 -1 -1 -1 
116 1 349 173 119 70 -1 -1 -1 -1 
116 3 547 199 164 62 -1 -1 -1 -1 
116 4 806 174 116 72 -1 -1 -1 -1 
116 5 572 412 144 118 -1 -1 -1 -1 
116 6 966 367 116 198 -1 -1 -1 -1 
116 7 234 348 122 108 -1 -1 -1 -1 
116 8 441 291 20 28 -1 -1 -1 -1 
117 1 350 173 119 70 -1 -1 -1 -1 
117 3 546 200 164 61 -1 -1 -1 -1 
117 4 806 174 116 72 -1 -1 -1 -1 
117 5 572 412 144 118 -1 -1 -1 -1 
117 6 964 370 117 193 -1 -1 -1 -1 
117 7 235 347 117 108 -1 -1 -1 -1 
117 8 448 284 17 28 -1 -1 -1 -1 
118 1 351 173 118 70 -1 -1 -1 -1 
118 3 545 200 167 61 -1 -1 -1 -1 
118 4 805 174 117 72 -1 -1 -1 -1 
118 5 572 412 144 118 -1 -1 -1 -1 
118 6 955 371 124 190 -1 -1 -1 -1 
118 7 236 347 110 109 -1 -1 -1 -1 
118 8 454 271 18 27 -1 -1 -1 -1 
119 1 352 173 117 70 -1 -1 -1 -1 
119 3 540 197 172 63 -1 -1 -1 -1 
119 4 805 175 118 72 -1 -1 -1 -1 
119 5 572 412 144 118 -1 -1 -1 -1 
119 6 951 375 126 187 -1 -1 -1 -1 
119 7 237 347 105 108 -1 -1 -1 -1 
119 8 460 263 17 24 -1 -1 -1 -1 
120 1 353 172 117 71 -1 -1 -1 -1 
120 3 537 196 177 64 -1 -1 -1 -1 
120 4 805 175 118 71 -1 -1 -1 -1 
120 5 572 411 144 119 -1 -1 -1 -1 
120 6 940 380 136 182 -1 -1 -1 -1 
120 7 237 347 103 107 -1 -1 -1 -1 
120 8 465 253 16 25 -1 -1 -1 -1 
121 1 352 172 116 71 -1 -1 -1 -1 
121 3 530 195 182 64 -1 -1 -1 -1 
121 4 805 175 118 71 -1 -1 -1 -1 
121 5 572 411 144 119 -1 -1 -1 -1 
121 6 933 385 142 177 -1 -1 -1 -1 
121 7 237 347 98 106 -1 -1 -1 -1 
121 8 470 245 17 24 -1 -1 -1 -1 
122 1 354 173 115 69 -1 -1 -1 -1 
122 3 519 195 191 64 -1 -1 -1 -1 
122 4 805 175 117 71 -1 -1 -1 -1 
122 5 572 411 144 119 -1 -1 -1 -1 
122 6 926 393 146 169 -1 -1 -1 -1 
122 7 237 347 86 103 -1 -1 -1 -1 
122 8 475 238 16 24 -1 -1 -1 -1 
123 1 354 175 122 67 -1 -1 -1 -1 
123 3 517 197 194 62 -1 -1 -1 -1 
123 4 805 175 117 71 -1 -1 -1 -1 
123 5 572 411 144 119 -1 -1 -1 -1 
123 6 926 398 151 162 -1 -1 -1 -1 
123 7 237 343 83 105 -1 -1 -1 -1 
123 8 481 232 15 24 -1 -1 -1 -1 
124 1 355 177 124 65 -1 -1 -1 -1 
124 3 518 198 190 61 -1 -1 -1 -1 
124 4 805 175 116 71 -1 -1 -1 -1 
124 5 572 411 144 118 -1 -1 -1 -1 
124 6 925 402 151 161 -1 -1 -1 -1 
124 7 238 338 84 101 -1 -1 -1 -1 
124 8 486 226 15 24 -1 -1 -1 -1 
125 1 355 180 129 63 -1 -1 -1 -1 
125 3 520 204 188 55 -1 -1 -1 -1 
125 4 805 174 116 71 -1 -1 -1 -1 
125 5 572 411 144 118 -1 -1 -1 -1 
125 6 926 410 149 154 -1 -1 -1 -1 
125 7 240 335 83 94 -1 -1 -1 -1 
125 8 492 223 15 24 -1 -1 -1 -1 
126 1 356 184 133 59 -1 -1 -1 -1 
126 3 527 208 184 52 -1 -1 -1 -1 
126 4 804 174 116 71 -1 -1 -1 -1 
126 5 572 411 143 118 -1 -1 -1 -1 
126 6 922 420 152 145 -1 -1 -1 -1 
126 7 240 332 84 96 -1 -1 -1 -1 
126 8 496 221 13 22 -1 -1 -1 -1 
127 1 357 188 153 57 -1 -1 -1 -1 
127 3 508 209 191 52 -1 -1 -1 -1 
127 4 804 174 117 70 -1 -1 -1 -1 
127 5 572 411 143 118 -1 -1 -1 -1 
127 6 922 421 149 144 -1 -1 -1 -1 
127 7 241 328 84 100 -1 -1 -1 -1 
127 8 496 221 13 22 -1 -1 -1 -1 
128 1 359 191 152 55 -1 -1 -1 -1 
128 3 504 211 193 50 -1 -1 -1 -1 
128 4 803 174 117 70 -1 -1 -1 -1 
128 5 573 410 143 120 -1 -1 -1 -1 
128 6 921 419 149 146 -1 -1 -1 -1 
128 7 243 324 83 105 -1 -1 -1 -1 
128 8 486 206 15 25 -1 -1 -1 -1 
129 1 362 194 136 52 -1 -1 -1 -1 
129 3 501 212 196 49 -1 -1 -1 -1 
129 4 803 173 117 71 -1 -1 -1 -1 
129 5 572 411 143 118 -1 -1 -1 -1 
129 6 922 420 146 144 -1 -1 -1 -1 
129 7 244 319 82 115 -1 -1 -1 -1 
129 8 482 202 15 25 -1 -1 -1 -1 
130 1 367 195 153 51 -1 -1 -1 -1 
130 3 504 212 193 49 -1 -1 -1 -1 
130 4 802 172 117 72 -1 -1 -1 -1 
130 5 572 411 143 119 -1 -1 -1 -1 
130 6 921 423 147 141 -1 -1 -1 -1 
130 7 247 315 79 124 -1 -1 -1 -1 
130 8 478 198 15 25 -1 -1 -1 -1 
131 1 375 195 151 51 -1 -1 -1 -1 
131 3 506 211 189 50 -1 -1 -1 -1 
131 4 802 172 117 72 -1 -1 -1 -1 
131 5 572 412 143 118 -1 -1 -1 -1 
131 6 921 434 144 130 -1 -1 -1 -1 
131 7 248 312 79 129 -1 -1 -1 -1 
131 8 473 197 16 24 -1 -1 -1 -1 
132 1 383 192 148 55 -1 -1 -1 -1 
132 3 505 207 179 54 -1 -1 -1 -1 
132 4 802 171 117 72 -1 -1 -1 -1 
132 5 572 412 143 118 -1 -1 -1 -1 
132 6 921 436 144 128 -1 -1 -1 -1 
132 7 250 308 77 133 -1 -1 -1 -1 
132 8 468 196 15 21 -1 -1 -1 -1 
133 1 394 189 141 59 -1 -1 -1 -1 
133 3 505 202 178 59 -1 -1 -1 -1 
133 4 802 170 117 73 -1 -1 -1 -1 
133 5 571 412 144 118 -1 -1 -1 -1 
133 6 921 440 145 124 -1 -1 -1 -1 
133 7 254 305 73 136 -1 -1 -1 -1 
133 8 466 196 11 20 -1 -1 -1 -1 
134 1 394 186 136 60 -1 -1 -1 -1 
134 3 504 200 177 61 -1 -1 -1 -1 
134 4 801 170 118 73 -1 -1 -1 -1 
134 5 571 411 144 119 -1 -1 -1 -1 
134 6 920 442 147 122 -1 -1 -1 -1 
134 7 261 302 67 140 -1 -1 -1 -1 
134 8 463 186 14 22 -1 -1 -1 -1 
135 1 396 184 136 62 -1 -1 -1 -1 
135 3 506 194 170 67 -1 -1 -1 -1 
135 4 801 169 118 74 -1 -1 -1 -1 
135 5 571 411 144 118 -1 -1 -1 -1 
135 6 920 444 147 120 -1 -1 -1 -1 
135 7 269 300 60 143 -1 -1 -1 -1 
135 8 460 179 15 22 -1 -1 -1 -1 
136 1 399 185 133 60 -1 -1 -1 -1 
136 3 507 194 165 67 -1 -1 -1 -1 
136 4 801 169 118 74 -1 -1 -1 -1 
136 5 572 410 143 119 -1 -1 -1 -1 
136 6 920 445 147 119 -1 -1 -1 -1 
136 7 272 296 61 152 -1 -1 -1 -1 
136 8 459 172 14 23 -1 -1 -1 -1 
137 1 401 182 132 63 -1 -1 -1 -1 
137 3 510 194 160 67 -1 -1 -1 -1 
137 4 802 169 117 74 -1 -1 -1 -1 
137 5 572 409 144 120 -1 -1 -1 -1 
137 6 920 444 147 119 -1 -1 -1 -1 
137 7 274 294 61 158 -1 -1 -1 -1 
137 8 456 166 15 23 -1 -1 -1 -1 
138 1 404 179 129 66 -1 -1 -1 -1 
138 3 510 197 155 65 -1 -1 -1 -1 
138 4 802 169 117 74 -1 -1 -1 -1 
138 5 571 408 144 121 -1 -1 -1 -1 
138 6 920 445 147 118 -1 -1 -1 -1 
138 7 277 293 60 165 -1 -1 -1 -1 
138 8 453 162 15 23 -1 -1 -1 -1 
139 1 405 177 130 68 -1 -1 -1 -1 
139 3 509 198 151 64 -1 -1 -1 -1 
139 4 802 169 117 74 -1 -1 -1 -1 
139 5 572 407 144 122 -1 -1 -1 -1 
139 6 921 444 145 119 -1 -1 -1 -1 
139 7 279 293 61 172 -1 -1 -1 -1 
139 8 451 158 14 23 -1 -1 -1 -1 
140 1 408 176 128 69 -1 -1 -1 -1 
140 3 509 198 142 65 -1 -1 -1 -1 
140 4 802 169 117 74 -1 -1 -1 -1 
140 5 572 407 144 122 -1 -1 -1 -1 
140 6 921 445 146 118 -1 -1 -1 -1 
140 7 280 294 60 173 -1 -1 -1 -1 
140 8 450 157 14 22 -1 -1 -1 -1 
141 1 409 176 125 67 -1 -1 -1 -1 
141 3 511 198 138 66 -1 -1 -1 -1 
141 4 802 168 116 75 -1 -1 -1 -1 
141 5 569 407 148 122 -1 -1 -1 -1 
141 6 921 445 146 117 -1 -1 -1 -1 
141 7 281 295 60 174 -1 -1 -1 -1 
141 8 449 154 13 22 -1 -1 -1 -1 
142 1 415 170 121 72 -1 -1 -1 -1 
142 3 512 198 137 66 -1 -1 -1 -1 
142 4 802 168 116 75 -1 -1 -1 -1 
142 5 567 406 149 123 -1 -1 -1 -1 
142 6 922 445 147 117 -1 -1 -1 -1 
142 7 279 296 62 173 -1 -1 -1 -1 
142 8 446 152 13 21 -1 -1 -1 -1 
143 1 417 171 121 71 -1 -1 -1 -1 
143 3 512 199 139 66 -1 -1 -1 -1 
143 4 802 168 117 75 -1 -1 -1 -1 
143 5 566 406 151 123 -1 -1 -1 -1 
143 6 922 444 147 118 -1 -1 -1 -1 
143 7 277 296 66 175 -1 -1 -1 -1 
143 8 443 151 14 23 -1 -1 -1 -1 
144 1 422 169 119 73 -1 -1 -1 -1 
144 3 513 199 138 67 -1 -1 -1 -1 
144 4 802 168 117 75 -1 -1 -1 -1 
144 5 561 407 158 122 -1 -1 -1 -1 
144 6 922 444 148 118 -1 -1 -1 -1 
144 7 276 295 70 178 -1 -1 -1 -1 
144 8 441 151 13 23 -1 -1 -1 -1 
145 1 427 167 114 77 -1 -1 -1 -1 
145 3 515 200 137 66 -1 -1 -1 -1 
145 4 802 168 117 75 -1 -1 -1 -1 
145 5 559 408 160 121 -1 -1 -1 -1 
145 6 922 443 148 119 -1 -1 -1 -1 
145 7 275 294 73 183 -1 -1 -1 -1 
145 8 440 152 14 24 -1 -1 -1 -1 
146 1 434 166 108 79 -1 -1 -1 -1 
146 3 515 202 139 65 -1 -1 -1 -1 
146 4 802 167 118 76 -1 -1 -1 -1 
146 5 555 409 166 121 -1 -1 -1 -1 
146 6 922 444 148 118 -1 -1 -1 -1 
146 7 273 293 76 191 -1 -1 -1 -1 
146 8 437 157 14 22 -1 -1 -1 -1 
147 1 441 166 109 79 -1 -1 -1 -1 
147 3 512 203 142 64 -1 -1 -1 -1 
147 4 803 167 117 76 -1 -1 -1 -1 
147 5 553 411 168 119 -1 -1 -1 -1 
147 6 922 445 148 117 -1 -1 -1 -1 
147 7 273 294 76 192 -1 -1 -1 -1 
147 8 435 159 15 23 -1 -1 -1 -1 
148 1 451 168 111 78 -1 -1 -1 -1 
148 3 512 204 142 63 -1 -1 -1 -1 
148 4 803 167 116 76 -1 -1 -1 -1 
148 5 554 412 167 118 -1 -1 -1 -1 
148 6 922 444 148 118 -1 -1 -1 -1 
148 7 271 297 77 197 -1 -1 -1 -1 
148 8 433 164 15 21 -1 -1 -1 -1 
149 1 453 163 101 81 -1 -1 -1 -1 
149 3 511 204 143 64 -1 -1 -1 -1 
149 4 803 167 116 77 -1 -1 -1 -1 
149 5 553 413 170 118 -1 -1 -1 -1 
149 6 921 444 149 118 -1 -1 -1 -1 
149 7 269 300 80 196 -1 -1 -1 -1 
149 8 431 168 15 23 -1 -1 -1 -1 
150 1 459 162 101 82 -1 -1 -1 -1 
150 3 512 204 143 64 -1 -1 -1 -1 
150 4 803 167 117 76 -1 -1 -1 -1 
150 5 552 414 176 117 -1 -1 -1 -1 
150 6 921 445 149 116 -1 -1 -1 -1 
150 7 266 302 86 195 -1 -1 -1 -1 
150 8 429 172 15 24 -1 -1 -1 -1 
151 1 464 161 89 83 -1 -1 -1 -1 
151 3 512 202 145 69 -1 -1 -1 -1 
151 4 803 166 116 77 -1 -1 -1 -1 
151 5 551 414 179 117 -1 -1 -1 -1 
151 6 921 445 149 116 -1 -1 -1 -1 
151 7 264 304 86 193 -1 -1 -1 -1 
151 8 428 179 15 24 -1 -1 -1 -1 
152 1 468 157 79 84 -1 -1 -1 -1 
152 3 514 201 145 70 -1 -1 -1 -1 
152 4 803 166 116 78 -1 -1 -1 -1 
152 5 551 415 181 116 -1 -1 -1 -1 
152 6 921 445 149 117 -1 -1 -1 -1 
152 7 262 305 86 193 -1 -1 -1 -1 
152 8 425 187 14 23 -1 -1 -1 -1 
153 1 473 158 80 85 -1 -1 -1 -1 
153 3 515 201 146 70 -1 -1 -1 -1 
153 4 803 166 116 78 -1 -1 -1 -1 
153 5 551 415 180 116 -1 -1 -1 -1 
153 6 921 446 149 115 -1 -1 -1 -1 
153 7 263 307 81 191 -1 -1 -1 -1 
153 8 423 190 15 25 -1 -1 -1 -1 
154 1 473 158 79 82 -1 -1 -1 -1 
154 3 517 200 144 70 -1 -1 -1 -1 
154 4 803 166 116 78 -1 -1 -1 -1 
154 5 550 415 182 116 -1 -1 -1 -1 
154 6 920 445 149 116 -1 -1 -1 -1 
154 7 262 307 81 197 -1 -1 -1 -1 
154 8 421 187 15 24 -1 -1 -1 -1 
155 1 471 158 81 82 -1 -1 -1 -1 
155 3 520 198 138 74 -1 -1 -1 -1 
155 4 804 166 115 78 -1 -1 -1 -1 
155 5 552 417 190 115 -1 -1 -1 -1 
155 6 920 446 149 116 -1 -1 -1 -1 
155 7 262 307 79 201 -1 -1 -1 -1 
155 8 419 182 15 25 -1 -1 -1 -1 
156 1 467 157 82 78 -1 -1 -1 -1 
156 3 520 197 139 76 -1 -1 -1 -1 
156 4 805 166 114 78 -1 -1 -1 -1 
156 5 552 417 191 116 -1 -1 -1 -1 
156 6 920 446 150 116 -1 -1 -1 -1 
156 7 260 309 79 201 -1 -1 -1 -1 
156 8 418 177 16 24 -1 -1 -1 -1 
157 1 465 156 86 79 -1 -1 -1 -1 
157 3 525 197 135 76 -1 -1 -1 -1 
157 4 806 165 112 80 -1 -1 -1 -1 
157 5 553 419 190 115 -1 -1 -1 -1 
157 6 920 446 149 116 -1 -1 -1 -1 
157 7 258 313 79 204 -1 -1 -1 -1 
157 8 417 174 16 24 -1 -1 -1 -1 
158 1 465 155 86 79 -1 -1 -1 -1 
158 3 531 196 130 77 -1 -1 -1 -1 
158 4 806 164 112 81 -1 -1 -1 -1 
158 5 553 419 190 115 -1 -1 -1 -1 
158 6 920 447 150 116 -1 -1 -1 -1 
158 7 255 316 80 201 -1 -1 -1 -1 
158 8 416 172 15 23 -1 -1 -1 -1 
159 1 464 154 91 80 -1 -1 -1 -1 
159 3 536 196 127 77 -1 -1 -1 -1 
159 4 807 165 111 80 -1 -1 -1 -1 
159 5 553 419 190 115 -1 -1 -1 -1 
159 6 920 446 148 116 -1 -1 -1 -1 
159 7 250 320 84 200 -1 -1 -1 -1 
159 8 415 169 15 24 -1 -1 -1 -1 
160 1 465 154 90 79 -1 -1 -1 -1 
160 3 541 196 122 77 -1 -1 -1 -1 
160 4 807 165 110 80 -1 -1 -1 -1 
160 5 553 420 191 115 -1 -1 -1 -1 
160 6 920 444 148 118 -1 -1 -1 -1 
160 7 247 324 86 196 -1 -1 -1 -1 
160 8 414 168 16 23 -1 -1 -1 -1 
161 1 464 155 90 78 -1 -1 -1 -1 
161 3 542 198 121 76 -1 -1 -1 -1 
161 4 808 164 108 80 -1 -1 -1 -1 
161 5 553 422 192 113 -1 -1 -1 -1 
161 6 920 443 147 119 -1 -1 -1 -1 
161 7 243 327 90 193 -1 -1 -1 -1 
161 8 412 166 17 22 -1 -1 -1 -1 
162 1 464 154 90 79 -1 -1 -1 -1 
162 3 543 198 122 76 -1 -1 -1 -1 
162 4 809 165 105 80 -1 -1 -1 -1 
162 5 553 423 191 113 -1 -1 -1 -1 
162 6 921 440 143 122 -1 -1 -1 -1 
162 7 242 330 91 195 -1 -1 -1 -1 
162 8 412 165 16 22 -1 -1 -1 -1 
163 1 464 155 89 77 -1 -1 -1 -1 
163 3 543 198 122 76 -1 -1 -1 -1 
163 4 809 165 103 80 -1 -1 -1 -1 
163 5 553 425 187 113 -1 -1 -1 -1 
163 6 921 437 140 125 -1 -1 -1 -1 
163 7 240 331 93 197 -1 -1 -1 -1 
163 8 410 164 17 23 -1 -1 -1 -1 
164 1 464 154 90 78 -1 -1 -1 -1 
164 3 543 199 123 75 -1 -1 -1 -1 
164 4 809 166 102 80 -1 -1 -1 -1 
164 5 552 425 188 113 -1 -1 -1 -1 
164 6 919 429 140 132 -1 -1 -1 -1 
164 7 238 332 96 201 -1 -1 -1 -1 
164 8 409 164 16 22 -1 -1 -1 -1 
165 1 464 153 87 79 -1 -1 -1 -1 
165 3 544 198 122 76 -1 -1 -1 -1 
165 4 810 166 99 80 -1 -1 -1 -1 
165 5 552 426 187 113 -1 -1 -1 -1 
165 6 919 426 138 136 -1 -1 -1 -1 
165 7 235 334 98 204 -1 -1 -1 -1 
165 8 407 164 16 22 -1 -1 -1 -1 
166 1 464 153 85 78 -1 -1 -1 -1 
166 3 544 199 122 75 -1 -1 -1 -1 
166 4 811 166 96 80 -1 -1 -1 -1 
166 5 552 426 188 113 -1 -1 -1 -1 
166 6 919 424 137 137 -1 -1 -1 -1 
166 7 232 335 99 206 -1 -1 -1 -1 
166 8 407 165 16 23 -1 -1 -1 -1 
167 1 463 152 88 79 -1 -1 -1 -1 
167 3 544 200 121 74 -1 -1 -1 -1 
167 4 813 167 91 79 -1 -1 -1 -1 
167 5 552 426 189 113 -1 -1 -1 -1 
167 6 923 425 133 136 -1 -1 -1 -1 
167 7 230 338 100 203 -1 -1 -1 -1 
167 8 406 167 16 23 -1 -1 -1 -1 
168 1 463 152 93 78 -1 -1 -1 -1 
168 3 544 201 121 74 -1 -1 -1 -1 
168 4 815 167 85 80 -1 -1 -1 -1 
168 5 552 426 189 113 -1 -1 -1 -1 
168 6 927 423 129 139 -1 -1 -1 -1 
168 7 229 339 94 203 -1 -1 -1 -1 
168 8 405 171 15 23 -1 -1 -1 -1 
169 1 463 151 91 79 -1 -1 -1 -1 
169 3 544 201 121 74 -1 -1 -1 -1 
169 4 816 166 81 81 -1 -1 -1 -1 
169 5 552 426 190 113 -1 -1 -1 -1 
169 6 934 418 120 144 -1 -1 -1 -1 
169 7 226 341 93 201 -1 -1 -1 -1 
169 8 404 173 15 24 -1 -1 -1 -1 
170 1 463 151 91 78 -1 -1 -1 -1 
170 3 543 201 121 73 -1 -1 -1 -1 
170 4 818 165 79 82 -1 -1 -1 -1 
170 5 552 426 189 114 -1 -1 -1 -1 
170 6 933 415 121 147 -1 -1 -1 -1 
170 7 220 343 98 198 -1 -1 -1 -1 
170 8 404 177 15 23 -1 -1 -1 -1 
171 1 463 151 92 78 -1 -1 -1 -1 
171 3 543 202 120 72 -1 -1 -1 -1 
171 4 820 165 77 82 -1 -1 -1 -1 
171 5 552 425 190 115 -1 -1 -1 -1 
171 6 933 411 121 151 -1 -1 -1 -1 
171 7 213 342 102 200 -1 -1 -1 -1 
171 8 403 181 16 23 -1 -1 -1 -1 
172 1 464 151 90 78 -1 -1 -1 -1 
172 3 543 202 120 72 -1 -1 -1 -1 
172 4 822 166 75 81 -1 -1 -1 -1 
172 5 551 425 192 115 -1 -1 -1 -1 
172 6 934 405 118 159 -1 -1 -1 -1 
172 7 205 344 106 202 -1 -1 -1 -1 
172 8 403 180 16 23 -1 -1 -1 -1 
173 1 464 151 90 78 -1 -1 -1 -1 
173 3 543 201 120 73 -1 -1 -1 -1 
173 4 823 166 76 80 -1 -1 -1 -1 
173 5 551 425 192 115 -1 -1 -1 -1 
173 6 934 402 117 163 -1 -1 -1 -1 
173 7 191 344 121 205 -1 -1 -1 -1 
173 8 403 179 17 24 -1 -1 -1 -1 
174 1 465 150 91 79 -1 -1 -1 -1 
174 3 543 201 120 73 -1 -1 -1 -1 
174 4 822 166 79 80 -1 -1 -1 -1 
174 5 551 426 194 115 -1 -1 -1 -1 
174 6 935 400 119 165 -1 -1 -1 -1 
174 7 186 344 126 212 -1 -1 -1 -1 
174 8 403 178 16 24 -1 -1 -1 -1 
175 1 465 151 92 78 -1 -1 -1 -1 
175 3 543 201 120 73 -1 -1 -1 -1 
175 4 822 166 80 80 -1 -1 -1 -1 
175 5 551 426 195 115 -1 -1 -1 -1 
175 6 936 398 119 166 -1 -1 -1 -1 
175 7 188 347 125 211 -1 -1 -1 -1 
175 8 402 177 17 25 -1 -1 -1 -1 
176 1 465 151 92 77 -1 -1 -1 -1 
176 3 544 202 119 72 -1 -1 -1 -1 
176 4 822 165 81 81 -1 -1 -1 -1 
176 5 550 426 181 114 -1 -1 -1 -1 
176 6 935 396 124 168 -1 -1 -1 -1 
176 7 188 350 125 210 -1 -1 -1 -1 
176 8 402 179 17 23 -1 -1 -1 -1 
177 1 466 151 92 78 -1 -1 -1 -1 
177 3 543 202 120 72 -1 -1 -1 -1 
177 4 822 165 81 81 -1 -1 -1 -1 
177 5 552 423 147 116 -1 -1 -1 -1 
177 6 934 391 125 170 -1 -1 -1 -1 
177 7 189 355 124 208 -1 -1 -1 -1 
177 8 402 180 17 23 -1 -1 -1 -1 
178 1 467 150 91 79 -1 -1 -1 -1 
178 3 544 202 119 72 -1 -1 -1 -1 
178 4 822 164 81 82 -1 -1 -1 -1 
178 5 553 423 150 116 -1 -1 -1 -1 
178 6 932 384 127 175 -1 -1 -1 -1 
178 7 189 360 125 206 -1 -1 -1 -1 
178 8 402 182 16 21 -1 -1 -1 -1 
179 1 468 150 90 79 -1 -1 -1 -1 
179 3 543 202 120 72 -1 -1 -1 -1 
179 4 822 164 81 82 -1 -1 -1 -1 
179 5 553 423 147 117 -1 -1 -1 -1 
179 6 932 381 124 176 -1 -1 -1 -1 
179 7 191 363 121 202 -1 -1 -1 -1 
179 8 402 183 16 20 -1 -1 -1 -1 
180 1 470 150 88 79 -1 -1 -1 -1 
180 3 543 202 120 72 -1 -1 -1 -1 
180 4 823 163 81 83 -1 -1 -1 -1 
180 5 551 423 147 117 -1 -1 -1 -1 
180 6 930 375 114 180 -1 -1 -1 -1 
180 7 193 364 116 204 -1 -1 -1 -1 
180 8 402 182 16 21 -1 -1 -1 -1 
181 1 471 150 87 79 -1 -1 -1 -1 
181 3 543 202 120 72 -1 -1 -1 -1 
181 4 826 164 77 82 -1 -1 -1 -1 
181 5 550 423 148 118 -1 -1 -1 -1 
181 6 927 368 106 184 -1 -1 -1 -1 
181 7 197 365 103 204 -1 -1 -1 -1 
181 8 402 183 16 20 -1 -1 -1 -1 
182 1 472 150 86 79 -1 -1 -1 -1 
182 3 543 202 120 72 -1 -1 -1 -1 
182 4 828 163 75 83 -1 -1 -1 -1 
182 5 550 418 151 123 -1 -1 -1 -1 
182 6 924 365 100 187 -1 -1 -1 -1 
182 7 198 364 100 207 -1 -1 -1 -1 
182 8 402 183 16 20 -1 -1 -1 -1 
183 1 472 150 86 79 -1 -1 -1 -1 
183 3 543 203 120 71 -1 -1 -1 -1 
183 4 830 162 74 84 -1 -1 -1 -1 
183 5 554 406 145 135 -1 -1 -1 -1 
183 6 922 360 92 192 -1 -1 -1 -1 
183 7 200 363 96 206 -1 -1 -1 -1 
183 8 402 184 15 19 -1 -1 -1 -1 
184 1 472 150 87 79 -1 -1 -1 -1 
184 3 543 203 119 71 -1 -1 -1 -1 
184 4 833 161 71 85 -1 -1 -1 -1 
184 5 559 400 138 141 -1 -1 -1 -1 
184 6 921 357 84 194 -1 -1 -1 -1 
184 7 204 363 90 211 -1 -1 -1 -1 
184 8 402 183 16 20 -1 -1 -1 -1 
185 1 472 150 89 79 -1 -1 -1 -1 
185 3 543 204 120 70 -1 -1 -1 -1 
185 4 835 160 69 85 -1 -1 -1 -1 
185 5 561 396 134 146 -1 -1 -1 -1 
185 6 919 353 78 199 -1 -1 -1 -1 
185 7 208 363 85 216 -1 -1 -1 -1 
185 8 402 183 16 20 -1 -1 -1 -1 
186 1 472 151 89 78 -1 -1 -1 -1 
186 3 544 204 120 70 -1 -1 -1 -1 
186 4 837 159 67 86 -1 -1 -1 -1 
186 5 565 393 130 149 -1 -1 -1 -1 
186 6 916 351 77 200 -1 -1 -1 -1 
186 7 221 363 72 221 -1 -1 -1 -1 
186 8 402 183 16 20 -1 -1 -1 -1 
187 1 472 151 91 78 -1 -1 -1 -1 
187 3 544 206 123 67 -1 -1 -1 -1 
187 4 841 158 64 87 -1 -1 -1 -1 
187 5 569 390 126 151 -1 -1 -1 -1 
187 6 915 351 78 199 -1 -1 -1 -1 
187 7 228 364 66 222 -1 -1 -1 -1 
187 8 402 183 16 20 -1 -1 -1 -1 
188 1 472 149 91 80 -1 -1 -1 -1 
188 3 544 207 124 66 -1 -1 -1 -1 
188 4 843 157 63 88 -1 -1 -1 -1 
188 5 575 389 119 152 -1 -1 -1 -1 
188 6 910 351 81 198 -1 -1 -1 -1 
188 7 233 366 63 220 -1 -1 -1 -1 
188 8 402 183 15 21 -1 -1 -1 -1 
189 1 471 150 92 79 -1 -1 -1 -1 
189 3 543 208 126 64 -1 -1 -1 -1 
189 4 844 156 64 89 -1 -1 -1 -1 
189 5 583 388 112 154 -1 -1 -1 -1 
189 6 906 353 83 197 -1 -1 -1 -1 
189 7 230 368 69 219 -1 -1 -1 -1 
189 8 402 183 16 21 -1 -1 -1 -1 
190 1 471 148 92 81 -1 -1 -1 -1 
190 3 543 209 127 63 -1 -1 -1 -1 
190 4 845 155 64 90 -1 -1 -1 -1 
190 5 589 389 105 154 -1 -1 -1 -1 
190 6 902 356 85 193 -1 -1 -1 -1 
190 7 219 370 86 216 -1 -1 -1 -1 
190 8 402 182 16 22 -1 -1 -1 -1 
191 1 470 149 93 79 -1 -1 -1 -1 
191 3 543 210 127 61 -1 -1 -1 -1 
191 4 849 155 62 91 -1 -1 -1 -1 
191 5 593 389 99 155 -1 -1 -1 -1 
191 6 899 354 83 196 -1 -1 -1 -1 
191 7 216 372 95 216 -1 -1 -1 -1 
191 8 402 183 16 21 -1 -1 -1 -1 
192 1 469 146 94 83 -1 -1 -1 -1 
192 3 543 210 127 59 -1 -1 -1 -1 
192 4 849 154 63 92 -1 -1 -1 -1 
192 5 596 390 97 154 -1 -1 -1 -1 
192 6 903 350 76 197 -1 -1 -1 -1 
192 7 214 374 104 214 -1 -1 -1 -1 
192 8 402 183 16 21 -1 -1 -1 -1 
193 1 467 143 95 85 -1 -1 -1 -1 
193 3 544 208 125 61 -1 -1 -1 -1 
193 4 850 154 62 92 -1 -1 -1 -1 
193 5 598 391 94 153 -1 -1 -1 -1 
193 6 903 343 72 201 -1 -1 -1 -1 
193 7 210 375 108 212 -1 -1 -1 -1 
193 8 402 183 15 21 -1 -1 -1 -1 
194 1 466 142 93 86 -1 -1 -1 -1 
194 3 544 207 125 60 -1 -1 -1 -1 
194 4 850 154 63 91 -1 -1 -1 -1 
194 5 599 392 94 152 -1 -1 -1 -1 
194 6 903 336 70 205 -1 -1 -1 -1 
194 7 209 374 105 213 -1 -1 -1 -1 
194 8 402 183 16 21 -1 -1 -1 -1 
195 1 463 142 95 86 -1 -1 -1 -1 
195 3 544 208 125 59 -1 -1 -1 -1 
195 4 850 153 63 92 -1 -1 -1 -1 
195 5 599 393 93 152 -1 -1 -1 -1 
195 6 905 325 67 209 -1 -1 -1 -1 
195 7 213 376 106 211 -1 -1 -1 -1 
195 8 402 183 16 21 -1 -1 -1 -1 
196 1 459 142 97 86 -1 -1 -1 -1 
196 3 544 207 125 60 -1 -1 -1 -1 
196 4 850 153 63 92 -1 -1 -1 -1 
196 5 599 395 99 149 -1 -1 -1 -1 
196 6 897 318 73 213 -1 -1 -1 -1 
196 7 211 375 115 213 -1 -1 -1 -1 
196 8 402 183 16 21 -1 -1 -1 -1 
197 1 456 142 97 86 -1 -1 -1 -1 
197 3 544 206 124 61 -1 -1 -1 -1 
197 4 851 153 63 92 -1 -1 -1 -1 
197 5 600 396 91 149 -1 -1 -1 -1 
197 6 895 310 72 215 -1 -1 -1 -1 
197 7 196 371 129 217 -1 -1 -1 -1 
197 8 401 184 16 21 -1 -1 -1 -1 
198 1 454 147 99 80 -1 -1 -1 -1 
198 3 543 204 123 63 -1 -1 -1 -1 
198 4 851 153 63 92 -1 -1 -1 -1 
198 5 600 397 96 147 -1 -1 -1 -1 
198 6 895 305 69 213 -1 -1 -1 -1 
198 7 188 365 137 223 -1 -1 -1 -1 
198 8 401 184 16 21 -1 -1 -1 -1 
199 1 451 151 101 76 -1 -1 -1 -1 
199 3 540 203 126 65 -1 -1 -1 -1 
199 4 850 153 64 92 -1 -1 -1 -1 
199 5 600 399 96 145 -1 -1 -1 -1 
199 6 897 300 66 202 -1 -1 -1 -1 
199 7 193 359 130 230 -1 -1 -1 -1 
199 8 402 184 15 21 -1 -1 -1 -1 
200 1 449 151 102 76 -1 -1 -1 -1 
200 3 540 203 123 64 -1 -1 -1 -1 
200 4 850 152 64 93 -1 -1 -1 -1 
200 5 600 399 96 145 -1 -1 -1 -1 
200 6 898 296 63 199 -1 -1 -1 -1 
200 7 189 360 130 228 -1 -1 -1 -1 
200 8 402 184 15 21 -1 -1 -1 -1 
201 1 447 155 104 72 -1 -1 -1 -1 
201 3 539 202 122 64 -1 -1 -1 -1 
201 4 850 153 64 92 -1 -1 -1 -1 
201 5 600 401 96 143 -1 -1 -1 -1 
201 6 897 295 63 191 -1 -1 -1 -1 
201 7 191 359 123 229 -1 -1 -1 -1 
201 8 402 184 15 20 -1 -1 -1 -1 
202 1 445 157 106 70 -1 -1 -1 -1 
202 3 539 200 118 65 -1 -1 -1 -1 
202 4 849 152 65 92 -1 -1 -1 -1 
202 5 601 402 96 143 -1 -1 -1 -1 
202 6 895 294 64 193 -1 -1 -1 -1 
202 7 186 360 128 228 -1 -1 -1 -1 
202 8 402 184 15 20 -1 -1 -1 -1 
203 1 443 157 108 70 -1 -1 -1 -1 
203 3 539 199 115 66 -1 -1 -1 -1 
203 4 849 152 65 92 -1 -1 -1 -1 
203 5 601 403 97 142 -1 -1 -1 -1 
203 6 894 296 64 193 -1 -1 -1 -1 
203 7 187 360 127 229 -1 -1 -1 -1 
203 8 402 185 15 19 -1 -1 -1 -1 
204 1 442 159 108 68 -1 -1 -1 -1 
204 3 539 198 113 67 -1 -1 -1 -1 
204 4 849 152 65 93 -1 -1 -1 -1 
204 5 601 400 97 144 -1 -1 -1 -1 
204 6 893 298 62 193 -1 -1 -1 -1 
204 7 186 359 129 230 -1 -1 -1 -1 
204 8 402 185 15 19 -1 -1 -1 -1 
205 1 440 159 110 68 -1 -1 -1 -1 
205 3 539 198 113 67 -1 -1 -1 -1 
205 4 849 152 64 93 -1 -1 -1 -1 
205 5 602 399 94 145 -1 -1 -1 -1 
205 6 892 301 63 193 -1 -1 -1 -1 
205 7 183 361 133 228 -1 -1 -1 -1 
205 8 402 184 15 20 -1 -1 -1 -1 
206 1 439 159 113 67 -1 -1 -1 -1 
206 3 539 198 114 68 -1 -1 -1 -1 
206 4 848 152 65 93 -1 -1 -1 -1 
206 5 602 395 94 149 -1 -1 -1 -1 
206 6 891 305 63 195 -1 -1 -1 -1 
206 7 187 364 130 224 -1 -1 -1 -1 
206 8 402 184 15 20 -1 -1 -1 -1 
207 1 437 159 115 67 -1 -1 -1 -1 
207 3 537 197 117 69 -1 -1 -1 -1 
207 4 848 152 65 93 -1 -1 -1 -1 
207 5 602 394 94 150 -1 -1 -1 -1 
207 6 890 310 63 196 -1 -1 -1 -1 
207 7 187 366 130 220 -1 -1 -1 -1 
207 8 402 184 14 20 -1 -1 -1 -1 
208 1 436 159 115 67 -1 -1 -1 -1 
208 3 536 197 118 69 -1 -1 -1 -1 
208 4 848 152 65 93 -1 -1 -1 -1 
208 5 603 392 93 152 -1 -1 -1 -1 
208 6 887 318 65 195 -1 -1 -1 -1 
208 7 181 365 135 220 -1 -1 -1 -1 
208 8 402 184 14 20 -1 -1 -1 -1 
209 1 435 159 115 67 -1 -1 -1 -1 
209 3 535 196 119 70 -1 -1 -1 -1 
209 4 848 152 65 93 -1 -1 -1 -1 
209 5 603 390 94 154 -1 -1 -1 -1 
209 6 887 325 64 190 -1 -1 -1 -1 
209 7 180 365 133 220 -1 -1 -1 -1 
209 8 402 184 14 20 -1 -1 -1 -1 
210 1 433 159 114 67 -1 -1 -1 -1 
210 3 534 196 121 70 -1 -1 -1 -1 
210 4 847 152 66 93 -1 -1 -1 -1 
210 5 603 390 95 153 -1 -1 -1 -1 
210 6 885 332 64 183 -1 -1 -1 -1 
210 7 182 363 124 221 -1 -1 -1 -1 
210 8 402 184 14 20 -1 -1 -1 -1 
211 1 433 159 111 67 -1 -1 -1 -1 
211 3 533 197 120 69 -1 -1 -1 -1 
211 4 847 152 66 93 -1 -1 -1 -1 
211 5 603 390 95 153 -1 -1 -1 -1 
211 6 884 335 65 180 -1 -1 -1 -1 
211 7 182 357 116 227 -1 -1 -1 -1 
211 8 402 184 15 20 -1 -1 -1 -1 
212 1 432 158 107 68 -1 -1 -1 -1 
212 3 532 196 122 70 -1 -1 -1 -1 
212 4 847 153 65 92 -1 -1 -1 -1 
212 5 603 391 96 152 -1 -1 -1 -1 
212 6 883 336 66 177 -1 -1 -1 -1 
212 7 179 341 113 242 -1 -1 -1 -1 
212 8 402 184 15 21 -1 -1 -1 -1 
213 1 432 158 106 68 -1 -1 -1 -1 
213 3 531 196 123 70 -1 -1 -1 -1 
213 4 847 153 65 92 -1 -1 -1 -1 
213 5 603 391 95 152 -1 -1 -1 -1 
213 6 883 335 66 178 -1 -1 -1 -1 
213 7 181 315 108 273 -1 -1 -1 -1 
213 8 402 184 15 21 -1 -1 -1 -1 
214 1 432 158 104 68 -1 -1 -1 -1 
214 3 529 196 124 69 -1 -1 -1 -1 
214 4 847 153 65 92 -1 -1 -1 -1 
214 5 603 390 95 153 -1 -1 -1 -1 
214 6 883 333 66 180 -1 -1 -1 -1 
214 7 185 315 104 271 -1 -1 -1 -1 
214 8 402 184 15 21 -1 -1 -1 -1 
215 1 432 158 104 68 -1 -1 -1 -1 
215 3 528 196 125 69 -1 -1 -1 -1 
215 4 847 153 65 92 -1 -1 -1 -1 
215 5 602 389 95 154 -1 -1 -1 -1 
215 6 883 332 66 181 -1 -1 -1 -1 
215 7 189 315 100 271 -1 -1 -1 -1 
215 8 402 184 15 21 -1 -1 -1 -1 
216 1 432 158 103 68 -1 -1 -1 -1 
216 3 527 196 125 69 -1 -1 -1 -1 
216 4 847 154 64 91 -1 -1 -1 -1 
216 5 602 389 92 156 -1 -1 -1 -1 
216 6 882 330 68 184 -1 -1 -1 -1 
216 7 190 315 100 269 -1 -1 -1 -1 
216 8 402 184 15 21 -1 -1 -1 -1 
217 1 432 157 103 68 -1 -1 -1 -1 
217 3 527 196 124 69 -1 -1 -1 -1 
217 4 847 154 64 91 -1 -1 -1 -1 
217 5 602 389 95 155 -1 -1 -1 -1 
217 6 882 329 68 185 -1 -1 -1 -1 
217 7 185 316 106 266 -1 -1 -1 -1 
217 8 403 184 14 21 -1 -1 -1 -1 
218 1 433 156 105 69 -1 -1 -1 -1 
218 3 527 195 122 70 -1 -1 -1 -1 
218 4 847 154 64 91 -1 -1 -1 -1 
218 5 602 389 96 154 -1 -1 -1 -1 
218 6 882 329 68 187 -1 -1 -1 -1 
218 7 184 317 108 262 -1 -1 -1 -1 
218 8 402 184 15 21 -1 -1 -1 -1 
219 1 433 156 105 69 -1 -1 -1 -1 
219 3 526 194 123 71 -1 -1 -1 -1 
219 4 847 154 64 91 -1 -1 -1 -1 
219 5 601 390 96 154 -1 -1 -1 -1 
219 6 883 329 66 187 -1 -1 -1 -1 
219 7 175 318 118 263 -1 -1 -1 -1 
219 8 402 184 15 21 -1 -1 -1 -1 
220 1 434 154 105 71 -1 -1 -1 -1 
220 3 525 193 122 72 -1 -1 -1 -1 
220 4 847 154 65 90 -1 -1 -1 -1 
220 5 601 389 96 155 -1 -1 -1 -1 
220 6 882 330 67 187 -1 -1 -1 -1 
220 7 176 320 115 260 -1 -1 -1 -1 
220 8 402 184 15 20 -1 -1 -1 -1 
221 1 435 154 103 71 -1 -1 -1 -1 
221 3 524 193 123 72 -1 -1 -1 -1 
221 4 847 154 65 91 -1 -1 -1 -1 
221 5 600 391 95 154 -1 -1 -1 -1 
221 6 883 330 66 188 -1 -1 -1 -1 
221 7 171 320 119 260 -1 -1 -1 -1 
221 8 402 184 15 20 -1 -1 -1 -1 
222 1 435 153 100 72 -1 -1 -1 -1 
222 3 523 193 123 72 -1 -1 -1 -1 
222 4 847 154 65 91 -1 -1 -1 -1 
222 5 600 390 95 155 -1 -1 -1 -1 
222 6 883 330 66 188 -1 -1 -1 -1 
222 7 172 320 115 258 -1 -1 -1 -1 
222 8 402 184 15 20 -1 -1 -1 -1 
223 1 437 152 100 73 -1 -1 -1 -1 
223 3 523 192 123 73 -1 -1 -1 -1 
223 4 847 154 65 91 -1 -1 -1 -1 
223 5 600 390 95 155 -1 -1 -1 -1 
223 6 884 329 66 190 -1 -1 -1 -1 
223 7 169 319 116 259 -1 -1 -1 -1 
223 8 402 184 15 20 -1 -1 -1 -1 
224 1 438 151 97 74 -1 -1 -1 -1 
224 3 522 191 124 74 -1 -1 -1 -1 
224 4 847 154 65 91 -1 -1 -1 -1 
224 5 600 390 95 155 -1 -1 -1 -1 
224 6 884 328 68 192 -1 -1 -1 -1 
224 7 168 327 112 249 -1 -1 -1 -1 
224 8 402 184 15 20 -1 -1 -1 -1 
225 1 440 150 91 74 -1 -1 -1 -1 
225 3 521 190 125 75 -1 -1 -1 -1 
225 4 847 154 65 91 -1 -1 -1 -1 
225 5 599 390 96 155 -1 -1 -1 -1 
225 6 885 326 68 194 -1 -1 -1 -1 
225 7 166 336 111 238 -1 -1 -1 -1 
225 8 401 185 15 19 -1 -1 -1 -1 
226 1 441 149 91 75 -1 -1 -1 -1 
226 3 522 190 126 74 -1 -1 -1 -1 
226 4 847 154 65 91 -1 -1 -1 -1 
226 5 599 390 96 155 -1 -1 -1 -1 
226 6 887 324 68 195 -1 -1 -1 -1 
226 7 165 330 107 244 -1 -1 -1 -1 
226 8 402 184 15 20 -1 -1 -1 -1 
227 1 442 147 89 76 -1 -1 -1 -1 
227 3 522 189 126 75 -1 -1 -1 -1 
227 4 847 154 66 91 -1 -1 -1 -1 
227 5 598 390 97 155 -1 -1 -1 -1 
227 6 888 322 69 197 -1 -1 -1 -1 
227 7 164 319 99 255 -1 -1 -1 -1 
227 8 402 184 15 20 -1 -1 -1 -1 
228 1 443 145 87 78 -1 -1 -1 -1 
228 3 522 188 126 76 -1 -1 -1 -1 
228 4 847 154 66 91 -1 -1 -1 -1 
228 5 598 390 97 155 -1 -1 -1 -1 
228 6 889 322 69 197 -1 -1 -1 -1 
228 7 166 315 88 259 -1 -1 -1 -1 
228 8 402 185 15 20 -1 -1 -1 -1 
229 1 445 144 84 79 -1 -1 -1 -1 
229 3 522 187 126 77 -1 -1 -1 -1 
229 4 847 154 66 91 -1 -1 -1 -1 
229 5 598 390 97 155 -1 -1 -1 -1 
229 6 890 321 69 199 -1 -1 -1 -1 
229 7 159 314 87 259 -1 -1 -1 -1 
229 8 402 184 15 21 -1 -1 -1 -1 
230 1 447 142 80 81 -1 -1 -1 -1 
230 3 522 187 125 77 -1 -1 -1 -1 
230 4 847 153 66 92 -1 -1 -1 -1 
230 5 598 390 97 155 -1 -1 -1 -1 
230 6 893 321 68 200 -1 -1 -1 -1 
230 7 159 316 78 260 -1 -1 -1 -1 
230 8 402 183 15 21 -1 -1 -1 -1 
231 1 447 141 81 82 -1 -1 -1 -1 
231 3 522 187 124 76 -1 -1 -1 -1 
231 4 847 153 66 92 -1 -1 -1 -1 
231 5 597 391 99 154 -1 -1 -1 -1 
231 6 894 324 70 199 -1 -1 -1 -1 
231 7 143 325 81 255 -1 -1 -1 -1 
231 8 402 183 15 21 -1 -1 -1 -1 
232 1 448 140 75 82 -1 -1 -1 -1 
232 3 521 187 123 76 -1 -1 -1 -1 
232 4 847 153 66 92 -1 -1 -1 -1 
232 5 597 391 101 153 -1 -1 -1 -1 
232 6 894 328 73 196 -1 -1 -1 -1 
232 7 124 347 92 228 -1 -1 -1 -1 
232 8 402 183 15 21 -1 -1 -1 -1 
233 1 449 139 73 83 -1 -1 -1 -1 
233 3 521 186 122 77 -1 -1 -1 -1 
233 4 847 153 66 92 -1 -1 -1 -1 
233 5 597 391 101 152 -1 -1 -1 -1 
233 6 894 331 77 194 -1 -1 -1 -1 
233 7 105 354 106 223 -1 -1 -1 -1 
233 8 402 183 15 21 -1 -1 -1 -1 
234 1 449 139 72 83 -1 -1 -1 -1 
234 3 521 187 117 76 -1 -1 -1 -1 
234 4 847 154 67 91 -1 -1 -1 -1 
234 5 596 395 102 148 -1 -1 -1 -1 
234 6 895 334 83 193 -1 -1 -1 -1 
234 7 105 354 106 223 -1 -1 -1 -1 
235 1 450 139 72 83 -1 -1 -1 -1 
235 3 520 187 115 75 -1 -1 -1 -1 
235 4 847 154 67 91 -1 -1 -1 -1 
235 5 595 396 101 148 -1 -1 -1 -1 
235 6 895 333 84 195 -1 -1 -1 -1 
235 7 107 354 105 222 -1 -1 -1 -1 
235 8 402 183 16 21 -1 -1 -1 -1 
236 1 450 138 73 84 -1 -1 -1 -1 
236 3 519 187 112 75 -1 -1 -1 -1 
236 4 847 155 68 90 -1 -1 -1 -1 
236 5 594 401 100 143 -1 -1 -1 -1 
236 6 894 332 89 198 -1 -1 -1 -1 
236 7 124 338 90 244 -1 -1 -1 -1 
236 8 402 183 15 21 -1 -1 -1 -1 
237 1 449 138 72 84 -1 -1 -1 -1 
237 3 519 187 109 75 -1 -1 -1 -1 
237 4 848 155 67 90 -1 -1 -1 -1 
237 5 594 405 100 139 -1 -1 -1 -1 
237 6 887 332 106 196 -1 -1 -1 -1 
237 7 110 346 103 231 -1 -1 -1 -1 
237 8 402 183 15 21 -1 -1 -1 -1 
238 1 449 137 70 84 -1 -1 -1 -1 
238 3 519 187 108 75 -1 -1 -1 -1 
238 4 848 155 68 90 -1 -1 -1 -1 
238 5 592 414 104 130 -1 -1 -1 -1 
238 6 878 332 132 197 -1 -1 -1 -1 
238 7 106 339 106 238 -1 -1 -1 -1 
238 8 402 183 15 21 -1 -1 -1 -1 
239 1 448 136 74 85 -1 -1 -1 -1 
239 3 519 187 108 75 -1 -1 -1 -1 
239 4 847 155 69 90 -1 -1 -1 -1 
239 5 592 420 106 124 -1 -1 -1 -1 
239 6 878 332 139 196 -1 -1 -1 -1 
239 7 105 339 105 239 -1 -1 -1 -1 
239 8 402 183 15 21 -1 -1 -1 -1 
240 1 448 136 75 85 -1 -1 -1 -1 
240 3 519 186 108 75 -1 -1 -1 -1 
240 4 847 155 70 90 -1 -1 -1 -1 
240 5 591 424 110 120 -1 -1 -1 -1 
240 6 919 331 72 203 -1 -1 -1 -1 
240 7 98 338 112 244 -1 -1 -1 -1 
240 8 402 183 15 21 -1 -1 -1 -1 
241 1 448 135 75 86 -1 -1 -1 -1 
241 3 518 186 110 75 -1 -1 -1 -1 
241 4 847 156 70 89 -1 -1 -1 -1 
241 5 589 423 116 122 -1 -1 -1 -1 
241 6 934 333 84 200 -1 -1 -1 -1 
241 7 96 340 111 241 -1 -1 -1 -1 
241 8 402 183 15 21 -1 -1 -1 -1 
242 1 448 135 76 86 -1 -1 -1 -1 
242 3 519 185 109 76 -1 -1 -1 -1 
242 4 848 156 69 89 -1 -1 -1 -1 
242 5 586 426 119 118 -1 -1 -1 -1 
242 6 931 330 94 202 -1 -1 -1 -1 
242 7 96 342 105 239 -1 -1 -1 -1 
242 8 402 184 15 20 -1 -1 -1 -1 
243 1 449 134 74 87 -1 -1 -1 -1 
243 3 519 185 110 76 -1 -1 -1 -1 
243 4 848 156 69 89 -1 -1 -1 -1 
243 5 584 427 124 117 -1 -1 -1 -1 
243 6 894 330 138 199 -1 -1 -1 -1 
243 7 97 340 95 242 -1 -1 -1 -1 
243 8 402 184 15 20 -1 -1 -1 -1 
244 1 449 134 74 88 -1 -1 -1 -1 
244 3 518 185 112 76 -1 -1 -1 -1 
244 4 848 156 69 89 -1 -1 -1 -1 
244 5 582 427 127 117 -1 -1 -1 -1 
244 6 900 327 130 202 -1 -1 -1 -1 
244 7 97 340 95 242 -1 -1 -1 -1 
245 1 449 133 74 89 -1 -1 -1 -1 
245 3 518 185 113 75 -1 -1 -1 -1 
245 4 848 156 69 89 -1 -1 -1 -1 
245 5 579 428 131 116 -1 -1 -1 -1 
245 6 908 324 123 205 -1 -1 -1 -1 
245 8 402 183 15 21 -1 -1 -1 -1 
246 1 451 133 72 89 -1 -1 -1 -1 
246 3 519 184 112 76 -1 -1 -1 -1 
246 4 848 156 69 89 -1 -1 -1 -1 
246 5 574 428 141 116 -1 -1 -1 -1 
246 6 917 325 106 211 -1 -1 -1 -1 
246 8 402 183 15 21 -1 -1 -1 -1 
247 1 452 133 69 89 -1 -1 -1 -1 
247 3 520 184 110 76 -1 -1 -1 -1 
247 4 848 156 69 89 -1 -1 -1 -1 
247 5 571 428 146 116 -1 -1 -1 -1 
247 6 923 331 98 215 -1 -1 -1 -1 
247 8 402 183 16 21 -1 -1 -1 -1 
248 1 454 133 64 89 -1 -1 -1 -1 
248 3 520 183 108 77 -1 -1 -1 -1 
248 4 848 156 69 89 -1 -1 -1 -1 
248 5 568 427 150 117 -1 -1 -1 -1 
248 6 923 339 99 207 -1 -1 -1 -1 
248 8 402 183 16 21 -1 -1 -1 -1 
249 1 456 133 62 90 -1 -1 -1 -1 
249 3 520 182 105 78 -1 -1 -1 -1 
249 4 848 156 68 90 -1 -1 -1 -1 
249 5 567 427 154 117 -1 -1 -1 -1 
249 6 921 340 99 207 -1 -1 -1 -1 
249 8 402 183 16 21 -1 -1 -1 -1 
250 1 456 132 61 91 -1 -1 -1 -1 
250 3 521 183 101 77 -1 -1 -1 -1 
250 4 848 157 68 88 -1 -1 -1 -1 
250 5 561 427 166 116 -1 -1 -1 -1 
250 6 923 340 98 210 -1 -1 -1 -1 
250 8 402 183 16 21 -1 -1 -1 -1 
251 1 457 132 59 90 -1 -1 -1 -1 
251 3 522 182 97 78 -1 -1 -1 -1 
251 4 847 157 69 88 -1 -1 -1 -1 
251 5 562 426 154 117 -1 -1 -1 -1 
251 6 923 342 100 210 -1 -1 -1 -1 
251 8 402 183 16 21 -1 -1 -1 -1 
252 1 457 132 59 90 -1 -1 -1 -1 
252 3 523 182 93 78 -1 -1 -1 -1 
252 4 847 156 69 89 -1 -1 -1 -1 
252 5 559 426 158 116 -1 -1 -1 -1 
252 6 926 350 107 200 -1 -1 -1 -1 
252 8 402 183 16 21 -1 -1 -1 -1 
253 1 458 132 56 90 -1 -1 -1 -1 
253 3 524 183 90 77 -1 -1 -1 -1 
253 4 847 156 68 89 -1 -1 -1 -1 
253 5 558 426 177 117 -1 -1 -1 -1 
253 6 931 349 106 202 -1 -1 -1 -1 
254 1 458 131 57 91 -1 -1 -1 -1 
254 3 525 182 89 78 -1 -1 -1 -1 
254 4 847 156 68 89 -1 -1 -1 -1 
254 5 558 426 178 117 -1 -1 -1 -1 
254 6 931 349 106 201 -1 -1 -1 -1 
255 1 458 131 56 91 -1 -1 -1 -1 
255 3 526 182 89 78 -1 -1 -1 -1 
255 4 847 156 68 89 -1 -1 -1 -1 
255 5 559 426 176 117 -1 -1 -1 -1 
255 6 931 348 107 202 -1 -1 -1 -1 
256 1 458 131 56 91 -1 -1 -1 -1 
256 3 527 182 88 78 -1 -1 -1 -1 
256 4 847 156 68 89 -1 -1 -1 -1 
256 5 558 426 177 117 -1 -1 -1 -1 
256 6 930 346 109 205 -1 -1 -1 -1 
257 1 459 131 56 91 -1 -1 -1 -1 
257 3 527 180 88 80 -1 -1 -1 -1 
257 4 847 156 68 89 -1 -1 -1 -1 
257 5 556 426 181 117 -1 -1 -1 -1 
257 6 933 343 107 209 -1 -1 -1 -1 
258 1 459 131 56 91 -1 -1 -1 -1 
258 3 528 181 87 78 -1 -1 -1 -1 
258 4 847 155 68 90 -1 -1 -1 -1 
258 5 557 425 180 117 -1 -1 -1 -1 
258 6 935 343 106 210 -1 -1 -1 -1 
259 1 459 131 56 91 -1 -1 -1 -1 
259 3 528 180 87 79 -1 -1 -1 -1 
259 4 847 155 68 90 -1 -1 -1 -1 
259 5 560 425 173 117 -1 -1 -1 -1 
259 6 942 343 101 211 -1 -1 -1 -1 
260 1 459 131 57 91 -1 -1 -1 -1 
260 3 529 180 87 79 -1 -1 -1 -1 
260 4 847 155 68 90 -1 -1 -1 -1 
260 5 560 425 178 117 -1 -1 -1 -1 
260 6 951 344 97 212 -1 -1 -1 -1 
261 1 459 130 57 92 -1 -1 -1 -1 
261 3 530 179 86 80 -1 -1 -1 -1 
261 4 847 155 68 90 -1 -1 -1 -1 
261 5 561 425 180 117 -1 -1 -1 -1 
261 6 951 348 98 210 -1 -1 -1 -1 
262 1 459 130 57 92 -1 -1 -1 -1 
262 3 528 180 89 78 -1 -1 -1 -1 
262 4 847 155 68 90 -1 -1 -1 -1 
262 5 561 425 181 116 -1 -1 -1 -1 
262 6 959 351 89 209 -1 -1 -1 -1 
263 1 459 130 57 92 -1 -1 -1 -1 
263 3 528 179 90 79 -1 -1 -1 -1 
263 4 847 155 68 90 -1 -1 -1 -1 
263 5 561 425 190 116 -1 -1 -1 -1 
263 6 966 354 83 207 -1 -1 -1 -1 
264 1 459 129 58 93 -1 -1 -1 -1 
264 3 527 177 90 81 -1 -1 -1 -1 
264 4 847 155 68 90 -1 -1 -1 -1 
264 5 561 425 190 116 -1 -1 -1 -1 
264 6 970 359 81 205 -1 -1 -1 -1 
265 1 459 129 58 93 -1 -1 -1 -1 
265 3 527 177 90 81 -1 -1 -1 -1 
265 4 847 155 68 90 -1 -1 -1 -1 
265 5 561 425 189 116 -1 -1 -1 -1 
265 6 972 362 85 203 -1 -1 -1 -1 
266 1 459 128 58 94 -1 -1 -1 -1 
266 3 529 175 88 82 -1 -1 -1 -1 
266 4 847 155 68 90 -1 -1 -1 -1 
266 5 560 425 193 116 -1 -1 -1 -1 
266 6 974 364 85 202 -1 -1 -1 -1 
267 1 459 128 58 94 -1 -1 -1 -1 
267 3 531 174 87 83 -1 -1 -1 -1 
267 4 847 155 68 90 -1 -1 -1 -1 
267 5 560 425 195 116 -1 -1 -1 -1 
267 6 978 365 84 201 -1 -1 -1 -1 
268 1 459 127 58 95 -1 -1 -1 -1 
268 3 536 173 82 83 -1 -1 -1 -1 
268 4 847 155 69 90 -1 -1 -1 -1 
268 5 560 426 194 114 -1 -1 -1 -1 
268 6 980 363 92 205 -1 -1 -1 -1 
269 1 460 128 57 94 -1 -1 -1 -1 
269 3 542 172 77 84 -1 -1 -1 -1 
269 4 847 155 69 91 -1 -1 -1 -1 
269 5 560 426 193 114 -1 -1 -1 -1 
269 6 984 361 92 207 -1 -1 -1 -1 
270 1 460 128 57 94 -1 -1 -1 -1 
270 3 547 172 74 85 -1 -1 -1 -1 
270 4 847 155 69 91 -1 -1 -1 -1 
270 5 560 426 191 113 -1 -1 -1 -1 
270 6 986 361 91 208 -1 -1 -1 -1 
271 1 460 127 58 95 -1 -1 -1 -1 
271 3 554 172 70 86 -1 -1 -1 -1 
271 4 847 155 69 91 -1 -1 -1 -1 
271 5 560 426 195 113 -1 -1 -1 -1 
271 6 987 361 91 206 -1 -1 -1 -1 
272 1 460 127 58 96 -1 -1 -1 -1 
272 3 560 172 66 86 -1 -1 -1 -1 
272 4 847 155 69 91 -1 -1 -1 -1 
272 5 561 426 195 112 -1 -1 -1 -1 
272 6 988 363 91 206 -1 -1 -1 -1 
273 1 460 127 58 96 -1 -1 -1 -1 
273 3 567 171 61 87 -1 -1 -1 -1 
273 4 847 155 69 91 -1 -1 -1 -1 
273 5 561 426 197 112 -1 -1 -1 -1 
273 6 988 365 82 204 -1 -1 -1 -1 
274 1 460 126 58 97 -1 -1 -1 -1 
274 3 569 171 62 87 -1 -1 -1 -1 
274 4 847 155 69 91 -1 -1 -1 -1 
274 5 561 426 199 111 -1 -1 -1 -1 
274 6 990 368 80 205 -1 -1 -1 -1 
275 1 460 126 58 97 -1 -1 -1 -1 
275 3 571 171 64 87 -1 -1 -1 -1 
275 4 847 155 69 90 -1 -1 -1 -1 
275 5 560 425 204 112 -1 -1 -1 -1 
275 6 990 372 75 205 -1 -1 -1 -1 
276 1 461 126 58 97 -1 -1 -1 -1 
276 3 572 171 65 87 -1 -1 -1 -1 
276 4 847 155 69 90 -1 -1 -1 -1 
276 5 560 426 204 111 -1 -1 -1 -1 
276 6 990 373 76 213 -1 -1 -1 -1 
277 1 461 126 58 97 -1 -1 -1 -1 
277 3 572 172 67 86 -1 -1 -1 -1 
277 4 847 155 69 90 -1 -1 -1 -1 
277 5 561 425 205 112 -1 -1 -1 -1 
277 6 991 378 72 211 -1 -1 -1 -1 
278 1 461 126 58 97 -1 -1 -1 -1 
278 3 572 172 68 87 -1 -1 -1 -1 
278 4 847 155 69 90 -1 -1 -1 -1 
278 5 562 426 204 111 -1 -1 -1 -1 
278 6 992 380 71 210 -1 -1 -1 -1 
279 1 461 126 58 97 -1 -1 -1 -1 
279 3 572 173 70 86 -1 -1 -1 -1 
279 4 847 155 69 90 -1 -1 -1 -1 
279 5 562 425 204 111 -1 -1 -1 -1 
279 6 994 382 71 209 -1 -1 -1 -1 
279 13 84 368 100 221 -1 -1 -1 -1 
280 1 461 126 58 97 -1 -1 -1 -1 
280 3 571 173 71 86 -1 -1 -1 -1 
280 4 847 155 69 90 -1 -1 -1 -1 
280 5 562 425 204 111 -1 -1 -1 -1 
280 6 995 382 72 210 -1 -1 -1 -1 
280 13 90 366 95 221 -1 -1 -1 -1 
281 1 462 126 58 97 -1 -1 -1 -1 
281 3 571 173 71 86 -1 -1 -1 -1 
281 4 847 156 69 89 -1 -1 -1 -1 
281 5 562 425 204 112 -1 -1 -1 -1 
281 6 997 382 74 209 -1 -1 -1 -1 
281 13 92 363 90 223 -1 -1 -1 -1 
282 1 462 126 58 97 -1 -1 -1 -1 
282 3 572 174 71 85 -1 -1 -1 -1 
282 4 847 156 69 89 -1 -1 -1 -1 
282 5 562 425 203 112 -1 -1 -1 -1 
282 6 999 380 72 211 -1 -1 -1 -1 
282 13 96 362 88 221 -1 -1 -1 -1 
283 1 462 126 58 97 -1 -1 -1 -1 
283 3 573 174 71 85 -1 -1 -1 -1 
283 4 847 156 69 89 -1 -1 -1 -1 
283 5 562 425 203 112 -1 -1 -1 -1 
283 6 1002 378 71 211 -1 -1 -1 -1 
283 13 100 360 85 225 -1 -1 -1 -1 
