3 1 949 99 37 129 -1 -1 -1 -1 
3 2 273 403 155 126 -1 -1 -1 -1 
3 3 993 90 55 131 -1 -1 -1 -1 
3 4 575 186 126 76 -1 -1 -1 -1 
3 5 890 446 165 110 -1 -1 -1 -1 
3 6 652 394 88 108 -1 -1 -1 -1 
4 1 950 99 36 129 -1 -1 -1 -1 
4 2 273 403 154 126 -1 -1 -1 -1 
4 3 994 89 53 132 -1 -1 -1 -1 
4 4 575 186 126 76 -1 -1 -1 -1 
4 5 889 446 165 110 -1 -1 -1 -1 
4 6 652 393 88 109 -1 -1 -1 -1 
5 1 949 99 37 129 -1 -1 -1 -1 
5 2 273 403 154 126 -1 -1 -1 -1 
5 3 994 89 53 133 -1 -1 -1 -1 
5 4 575 186 126 76 -1 -1 -1 -1 
5 5 889 444 165 111 -1 -1 -1 -1 
5 6 652 393 88 109 -1 -1 -1 -1 
6 1 949 99 38 129 -1 -1 -1 -1 
6 2 274 402 153 128 -1 -1 -1 -1 
6 3 994 89 52 133 -1 -1 -1 -1 
6 4 575 186 126 76 -1 -1 -1 -1 
6 5 889 443 165 111 -1 -1 -1 -1 
6 6 651 393 89 109 -1 -1 -1 -1 
7 1 949 99 38 130 -1 -1 -1 -1 
7 2 274 402 153 128 -1 -1 -1 -1 
7 3 994 89 51 133 -1 -1 -1 -1 
7 4 575 186 126 76 -1 -1 -1 -1 
7 5 888 441 166 112 -1 -1 -1 -1 
7 6 651 392 89 110 -1 -1 -1 -1 
8 1 950 100 38 129 -1 -1 -1 -1 
8 2 274 402 153 128 -1 -1 -1 -1 
8 3 994 89 51 134 -1 -1 -1 -1 
8 4 575 186 126 76 -1 -1 -1 -1 
8 5 887 441 167 112 -1 -1 -1 -1 
8 6 651 392 88 110 -1 -1 -1 -1 
9 1 950 100 37 129 -1 -1 -1 -1 
9 2 274 401 153 129 -1 -1 -1 -1 
9 3 994 89 50 134 -1 -1 -1 -1 
9 4 575 186 126 76 -1 -1 -1 -1 
9 5 888 441 166 111 -1 -1 -1 -1 
9 6 651 392 87 109 -1 -1 -1 -1 
9 7 957 150 12 21 -1 -1 -1 -1 
10 1 950 100 37 129 -1 -1 -1 -1 
10 2 275 400 151 130 -1 -1 -1 -1 
10 3 995 89 49 134 -1 -1 -1 -1 
10 4 575 186 126 76 -1 -1 -1 -1 
10 5 887 439 167 113 -1 -1 -1 -1 
10 6 650 392 87 109 -1 -1 -1 -1 
10 7 957 150 12 21 -1 -1 -1 -1 
11 1 950 99 38 131 -1 -1 -1 -1 
11 2 276 400 150 130 -1 -1 -1 -1 
11 3 995 89 49 134 -1 -1 -1 -1 
11 4 575 186 126 77 -1 -1 -1 -1 
11 5 884 439 169 113 -1 -1 -1 -1 
11 6 650 391 86 110 -1 -1 -1 -1 
11 7 957 149 13 22 -1 -1 -1 -1 
11 8 955 126 21 73 -1 -1 -1 -1 
12 1 950 99 38 131 -1 -1 -1 -1 
12 2 278 399 147 133 -1 -1 -1 -1 
12 3 995 89 48 134 -1 -1 -1 -1 
12 4 575 186 126 77 -1 -1 -1 -1 
12 5 884 438 169 114 -1 -1 -1 -1 
12 6 650 391 83 110 -1 -1 -1 -1 
12 7 957 149 12 22 -1 -1 -1 -1 
12 8 954 124 22 77 -1 -1 -1 -1 
13 1 950 99 37 132 -1 -1 -1 -1 
13 2 281 398 145 134 -1 -1 -1 -1 
13 3 996 89 47 134 -1 -1 -1 -1 
13 4 575 185 126 78 -1 -1 -1 -1 
13 5 884 435 170 116 -1 -1 -1 -1 
13 6 650 391 79 110 -1 -1 -1 -1 
13 7 956 149 13 21 -1 -1 -1 -1 
13 8 954 122 22 82 -1 -1 -1 -1 
14 1 950 98 37 133 -1 -1 -1 -1 
14 2 282 398 144 134 -1 -1 -1 -1 
14 3 996 89 47 134 -1 -1 -1 -1 
14 4 575 185 126 78 -1 -1 -1 -1 
14 5 880 436 180 116 -1 -1 -1 -1 
14 6 650 391 77 111 -1 -1 -1 -1 
14 7 956 149 13 21 -1 -1 -1 -1 
14 8 954 124 22 77 -1 -1 -1 -1 
15 1 949 99 38 132 -1 -1 -1 -1 
15 2 287 397 139 135 -1 -1 -1 -1 
15 3 995 88 48 135 -1 -1 -1 -1 
15 4 575 186 126 76 -1 -1 -1 -1 
15 5 881 437 179 114 -1 -1 -1 -1 
15 6 650 391 76 111 -1 -1 -1 -1 
15 7 956 149 12 21 -1 -1 -1 -1 
15 8 953 121 23 84 -1 -1 -1 -1 
16 1 949 99 37 132 -1 -1 -1 -1 
16 2 290 397 137 136 -1 -1 -1 -1 
16 3 994 88 49 135 -1 -1 -1 -1 
16 4 575 186 126 76 -1 -1 -1 -1 
16 5 881 438 179 113 -1 -1 -1 -1 
16 6 650 391 76 111 -1 -1 -1 -1 
16 7 955 150 12 19 -1 -1 -1 -1 
16 8 952 114 26 99 -1 -1 -1 -1 
17 1 949 99 37 132 -1 -1 -1 -1 
17 2 295 397 132 136 -1 -1 -1 -1 
17 3 994 88 48 135 -1 -1 -1 -1 
17 4 575 186 126 76 -1 -1 -1 -1 
17 5 881 440 178 111 -1 -1 -1 -1 
17 6 650 392 77 110 -1 -1 -1 -1 
17 7 955 149 12 20 -1 -1 -1 -1 
17 8 952 114 26 98 -1 -1 -1 -1 
18 1 949 99 37 132 -1 -1 -1 -1 
18 2 302 398 124 133 -1 -1 -1 -1 
18 3 994 88 48 135 -1 -1 -1 -1 
18 4 575 186 126 76 -1 -1 -1 -1 
18 5 881 440 178 111 -1 -1 -1 -1 
18 6 651 392 76 110 -1 -1 -1 -1 
18 7 955 149 12 20 -1 -1 -1 -1 
18 8 951 113 27 100 -1 -1 -1 -1 
19 1 950 97 37 132 -1 -1 -1 -1 
19 2 303 398 123 133 -1 -1 -1 -1 
19 3 994 88 48 135 -1 -1 -1 -1 
19 4 575 186 126 76 -1 -1 -1 -1 
19 5 881 440 177 112 -1 -1 -1 -1 
19 6 651 392 76 110 -1 -1 -1 -1 
19 7 954 149 12 20 -1 -1 -1 -1 
19 8 950 107 30 113 -1 -1 -1 -1 
20 1 949 97 38 132 -1 -1 -1 -1 
20 2 306 398 120 133 -1 -1 -1 -1 
20 3 994 88 48 135 -1 -1 -1 -1 
20 4 575 186 126 76 -1 -1 -1 -1 
20 5 882 439 176 113 -1 -1 -1 -1 
20 6 651 393 77 109 -1 -1 -1 -1 
20 7 954 149 12 19 -1 -1 -1 -1 
21 1 949 97 37 131 -1 -1 -1 -1 
21 2 307 398 119 133 -1 -1 -1 -1 
21 3 993 87 49 136 -1 -1 -1 -1 
21 4 575 186 126 76 -1 -1 -1 -1 
21 5 882 439 175 113 -1 -1 -1 -1 
21 6 652 393 75 108 -1 -1 -1 -1 
21 7 953 149 12 20 -1 -1 -1 -1 
22 1 949 97 37 132 -1 -1 -1 -1 
22 2 308 398 118 133 -1 -1 -1 -1 
22 3 993 88 49 135 -1 -1 -1 -1 
22 4 575 186 126 76 -1 -1 -1 -1 
22 5 882 438 175 113 -1 -1 -1 -1 
22 6 652 393 75 108 -1 -1 -1 -1 
22 7 953 149 12 20 -1 -1 -1 -1 
23 1 948 97 38 132 -1 -1 -1 -1 
23 2 310 398 116 133 -1 -1 -1 -1 
23 3 993 88 49 135 -1 -1 -1 -1 
23 4 575 186 126 76 -1 -1 -1 -1 
23 5 881 438 176 113 -1 -1 -1 -1 
23 6 652 393 75 108 -1 -1 -1 -1 
23 7 952 150 12 18 -1 -1 -1 -1 
24 1 948 98 38 131 -1 -1 -1 -1 
24 2 311 398 115 133 -1 -1 -1 -1 
24 3 993 88 49 135 -1 -1 -1 -1 
24 4 575 186 126 76 -1 -1 -1 -1 
24 5 881 438 175 113 -1 -1 -1 -1 
24 6 652 393 75 107 -1 -1 -1 -1 
24 7 952 150 12 18 -1 -1 -1 -1 
25 1 948 98 38 130 -1 -1 -1 -1 
25 2 312 397 114 134 -1 -1 -1 -1 
25 3 993 88 49 135 -1 -1 -1 -1 
25 4 575 186 126 76 -1 -1 -1 -1 
25 5 881 438 175 113 -1 -1 -1 -1 
25 6 653 394 73 106 -1 -1 -1 -1 
25 7 952 150 12 19 -1 -1 -1 -1 
26 1 946 98 39 133 -1 -1 -1 -1 
26 2 312 397 114 134 -1 -1 -1 -1 
26 3 993 88 49 135 -1 -1 -1 -1 
26 4 575 186 126 76 -1 -1 -1 -1 
26 5 881 437 175 114 -1 -1 -1 -1 
26 6 652 394 74 106 -1 -1 -1 -1 
26 7 952 150 12 19 -1 -1 -1 -1 
27 1 946 98 39 133 -1 -1 -1 -1 
27 2 312 397 114 134 -1 -1 -1 -1 
27 3 993 88 49 135 -1 -1 -1 -1 
27 4 575 186 126 76 -1 -1 -1 -1 
27 5 881 437 175 114 -1 -1 -1 -1 
27 6 653 394 73 106 -1 -1 -1 -1 
27 7 952 150 10 18 -1 -1 -1 -1 
28 1 945 98 40 133 -1 -1 -1 -1 
28 2 312 398 114 133 -1 -1 -1 -1 
28 3 992 88 50 135 -1 -1 -1 -1 
28 4 575 186 126 76 -1 -1 -1 -1 
28 5 881 437 175 114 -1 -1 -1 -1 
28 6 654 394 72 106 -1 -1 -1 -1 
28 7 952 150 10 18 -1 -1 -1 -1 
29 1 945 99 41 132 -1 -1 -1 -1 
29 2 312 398 114 133 -1 -1 -1 -1 
29 3 992 88 50 135 -1 -1 -1 -1 
29 4 575 186 126 76 -1 -1 -1 -1 
29 5 881 437 175 114 -1 -1 -1 -1 
29 6 654 394 72 106 -1 -1 -1 -1 
29 7 952 150 10 19 -1 -1 -1 -1 
30 1 945 99 42 132 -1 -1 -1 -1 
30 2 312 398 114 133 -1 -1 -1 -1 
30 3 992 88 50 135 -1 -1 -1 -1 
30 4 575 186 126 76 -1 -1 -1 -1 
30 5 881 437 175 114 -1 -1 -1 -1 
30 6 654 394 72 105 -1 -1 -1 -1 
30 7 952 150 10 19 -1 -1 -1 -1 
31 1 945 99 42 132 -1 -1 -1 -1 
31 2 313 397 113 134 -1 -1 -1 -1 
31 3 993 88 49 135 -1 -1 -1 -1 
31 4 575 186 126 76 -1 -1 -1 -1 
31 5 882 437 175 114 -1 -1 -1 -1 
31 6 654 394 72 105 -1 -1 -1 -1 
31 7 952 150 10 19 -1 -1 -1 -1 
32 1 945 99 42 132 -1 -1 -1 -1 
32 2 313 397 113 134 -1 -1 -1 -1 
32 3 993 88 49 135 -1 -1 -1 -1 
32 4 575 186 126 77 -1 -1 -1 -1 
32 5 882 437 175 114 -1 -1 -1 -1 
32 6 655 394 71 105 -1 -1 -1 -1 
32 7 952 150 10 18 -1 -1 -1 -1 
33 1 946 98 42 131 -1 -1 -1 -1 
33 2 313 397 113 134 -1 -1 -1 -1 
33 3 993 88 49 135 -1 -1 -1 -1 
33 4 575 186 126 77 -1 -1 -1 -1 
33 5 881 437 176 114 -1 -1 -1 -1 
33 6 655 394 71 105 -1 -1 -1 -1 
33 7 952 150 10 18 -1 -1 -1 -1 
34 1 946 98 41 130 -1 -1 -1 -1 
34 2 312 397 114 134 -1 -1 -1 -1 
34 3 994 88 48 135 -1 -1 -1 -1 
34 4 575 186 126 76 -1 -1 -1 -1 
34 5 881 437 176 114 -1 -1 -1 -1 
34 6 656 394 70 106 -1 -1 -1 -1 
34 7 952 150 10 18 -1 -1 -1 -1 
35 1 946 98 40 130 -1 -1 -1 -1 
35 2 311 397 115 134 -1 -1 -1 -1 
35 3 994 88 48 135 -1 -1 -1 -1 
35 4 575 186 126 76 -1 -1 -1 -1 
35 5 881 437 175 114 -1 -1 -1 -1 
35 6 657 394 69 106 -1 -1 -1 -1 
35 7 952 150 10 18 -1 -1 -1 -1 
36 1 946 98 39 130 -1 -1 -1 -1 
36 2 310 397 116 134 -1 -1 -1 -1 
36 3 994 88 48 136 -1 -1 -1 -1 
36 4 575 186 126 76 -1 -1 -1 -1 
36 5 881 437 175 114 -1 -1 -1 -1 
36 6 657 394 68 106 -1 -1 -1 -1 
36 7 952 149 10 19 -1 -1 -1 -1 
37 1 947 98 38 130 -1 -1 -1 -1 
37 2 310 397 116 134 -1 -1 -1 -1 
37 3 995 88 47 135 -1 -1 -1 -1 
37 4 575 186 126 76 -1 -1 -1 -1 
37 5 881 437 176 114 -1 -1 -1 -1 
37 6 657 394 68 106 -1 -1 -1 -1 
37 7 952 149 10 19 -1 -1 -1 -1 
38 1 947 97 38 131 -1 -1 -1 -1 
38 2 310 397 115 134 -1 -1 -1 -1 
38 3 995 88 47 136 -1 -1 -1 -1 
38 4 575 186 126 77 -1 -1 -1 -1 
38 5 881 438 176 113 -1 -1 -1 -1 
38 6 656 394 68 107 -1 -1 -1 -1 
38 7 951 150 12 18 -1 -1 -1 -1 
39 1 947 97 38 131 -1 -1 -1 -1 
39 2 311 397 114 134 -1 -1 -1 -1 
39 3 996 88 46 136 -1 -1 -1 -1 
39 4 575 186 126 76 -1 -1 -1 -1 
39 5 881 437 175 114 -1 -1 -1 -1 
39 6 656 393 68 108 -1 -1 -1 -1 
39 7 952 150 11 18 -1 -1 -1 -1 
40 1 948 97 37 131 -1 -1 -1 -1 
40 2 311 398 115 134 -1 -1 -1 -1 
40 3 995 88 46 135 -1 -1 -1 -1 
40 4 575 186 126 76 -1 -1 -1 -1 
40 5 881 437 175 114 -1 -1 -1 -1 
40 6 656 393 68 108 -1 -1 -1 -1 
40 7 952 150 12 19 -1 -1 -1 -1 
41 1 948 97 37 131 -1 -1 -1 -1 
41 2 311 398 115 134 -1 -1 -1 -1 
41 3 996 89 45 134 -1 -1 -1 -1 
41 4 575 186 126 76 -1 -1 -1 -1 
41 5 881 437 175 114 -1 -1 -1 -1 
41 6 656 393 67 108 -1 -1 -1 -1 
41 7 952 150 12 19 -1 -1 -1 -1 
42 1 949 98 36 129 -1 -1 -1 -1 
42 2 311 398 115 134 -1 -1 -1 -1 
42 3 996 89 45 134 -1 -1 -1 -1 
42 4 575 186 126 76 -1 -1 -1 -1 
42 5 881 437 175 114 -1 -1 -1 -1 
42 6 656 393 67 108 -1 -1 -1 -1 
42 7 953 149 12 20 -1 -1 -1 -1 
43 1 949 97 38 130 -1 -1 -1 -1 
43 2 311 399 115 133 -1 -1 -1 -1 
43 3 996 89 45 134 -1 -1 -1 -1 
43 4 575 186 126 76 -1 -1 -1 -1 
43 5 881 438 175 113 -1 -1 -1 -1 
43 6 655 393 68 108 -1 -1 -1 -1 
43 7 954 148 12 21 -1 -1 -1 -1 
43 8 951 120 25 85 -1 -1 -1 -1 
44 1 950 98 37 129 -1 -1 -1 -1 
44 2 311 399 115 133 -1 -1 -1 -1 
44 3 996 89 45 134 -1 -1 -1 -1 
44 4 575 186 126 76 -1 -1 -1 -1 
44 5 881 438 175 113 -1 -1 -1 -1 
44 6 655 394 68 107 -1 -1 -1 -1 
44 7 954 149 13 20 -1 -1 -1 -1 
44 8 951 116 27 93 -1 -1 -1 -1 
45 1 949 100 37 130 -1 -1 -1 -1 
45 2 310 400 116 132 -1 -1 -1 -1 
45 3 996 89 45 134 -1 -1 -1 -1 
45 4 575 186 126 76 -1 -1 -1 -1 
45 5 881 438 175 113 -1 -1 -1 -1 
45 6 655 393 68 108 -1 -1 -1 -1 
45 7 955 149 12 20 -1 -1 -1 -1 
45 8 951 110 29 106 -1 -1 -1 -1 
46 1 949 100 37 131 -1 -1 -1 -1 
46 2 310 400 116 132 -1 -1 -1 -1 
46 3 995 89 46 134 -1 -1 -1 -1 
46 4 575 186 125 76 -1 -1 -1 -1 
46 5 881 438 175 113 -1 -1 -1 -1 
46 6 656 393 67 108 -1 -1 -1 -1 
46 7 955 150 12 19 -1 -1 -1 -1 
46 8 950 107 31 113 -1 -1 -1 -1 
47 1 949 100 38 131 -1 -1 -1 -1 
47 2 309 400 117 132 -1 -1 -1 -1 
47 3 995 89 46 134 -1 -1 -1 -1 
47 4 575 186 125 76 -1 -1 -1 -1 
47 5 881 438 175 113 -1 -1 -1 -1 
47 6 656 393 66 108 -1 -1 -1 -1 
47 7 956 150 12 20 -1 -1 -1 -1 
47 8 952 111 28 105 -1 -1 -1 -1 
48 1 950 100 37 131 -1 -1 -1 -1 
48 2 309 400 117 131 -1 -1 -1 -1 
48 3 995 89 46 134 -1 -1 -1 -1 
48 4 575 186 126 76 -1 -1 -1 -1 
48 5 881 438 176 113 -1 -1 -1 -1 
48 6 656 393 66 108 -1 -1 -1 -1 
49 1 950 100 38 131 -1 -1 -1 -1 
49 2 308 401 118 130 -1 -1 -1 -1 
49 3 995 89 46 134 -1 -1 -1 -1 
49 4 575 186 125 76 -1 -1 -1 -1 
49 5 881 438 176 113 -1 -1 -1 -1 
50 1 951 100 38 131 -1 -1 -1 -1 
50 2 307 401 119 130 -1 -1 -1 -1 
50 3 995 89 46 135 -1 -1 -1 -1 
50 4 575 186 125 76 -1 -1 -1 -1 
50 5 881 438 176 113 -1 -1 -1 -1 
51 1 951 99 38 132 -1 -1 -1 -1 
51 2 305 401 121 130 -1 -1 -1 -1 
51 3 994 89 47 135 -1 -1 -1 -1 
51 4 575 186 125 76 -1 -1 -1 -1 
51 5 881 438 176 113 -1 -1 -1 -1 
52 1 951 99 38 132 -1 -1 -1 -1 
52 2 305 400 120 131 -1 -1 -1 -1 
52 3 995 89 46 135 -1 -1 -1 -1 
52 4 575 186 125 76 -1 -1 -1 -1 
52 5 881 438 175 113 -1 -1 -1 -1 
53 1 952 100 37 131 -1 -1 -1 -1 
53 2 303 400 122 131 -1 -1 -1 -1 
53 3 995 89 46 135 -1 -1 -1 -1 
53 4 575 186 125 76 -1 -1 -1 -1 
53 5 881 438 175 113 -1 -1 -1 -1 
54 1 952 100 37 132 -1 -1 -1 -1 
54 2 302 400 123 130 -1 -1 -1 -1 
54 3 995 89 46 135 -1 -1 -1 -1 
54 4 575 186 125 76 -1 -1 -1 -1 
54 5 881 438 175 113 -1 -1 -1 -1 
55 1 952 100 37 132 -1 -1 -1 -1 
55 2 301 400 126 131 -1 -1 -1 -1 
55 3 995 89 46 135 -1 -1 -1 -1 
55 4 575 186 125 76 -1 -1 -1 -1 
55 5 881 439 176 112 -1 -1 -1 -1 
56 1 953 100 36 132 -1 -1 -1 -1 
56 2 299 399 127 131 -1 -1 -1 -1 
56 3 995 89 46 135 -1 -1 -1 -1 
56 4 575 187 125 75 -1 -1 -1 -1 
56 5 881 439 176 112 -1 -1 -1 -1 
57 1 953 100 36 132 -1 -1 -1 -1 
57 2 298 399 128 131 -1 -1 -1 -1 
57 3 995 89 46 135 -1 -1 -1 -1 
57 4 575 187 125 75 -1 -1 -1 -1 
57 5 882 440 174 111 -1 -1 -1 -1 
58 1 953 100 36 132 -1 -1 -1 -1 
58 2 297 399 129 131 -1 -1 -1 -1 
58 3 995 89 46 135 -1 -1 -1 -1 
58 4 575 187 126 75 -1 -1 -1 -1 
58 5 884 440 173 111 -1 -1 -1 -1 
59 1 953 100 36 132 -1 -1 -1 -1 
59 2 296 398 129 132 -1 -1 -1 -1 
59 3 995 89 46 135 -1 -1 -1 -1 
59 4 575 187 126 75 -1 -1 -1 -1 
59 5 887 440 169 111 -1 -1 -1 -1 
60 1 953 100 37 132 -1 -1 -1 -1 
60 2 294 397 131 133 -1 -1 -1 -1 
60 3 996 89 45 135 -1 -1 -1 -1 
60 4 575 187 125 75 -1 -1 -1 -1 
60 5 891 440 161 110 -1 -1 -1 -1 
61 1 953 100 37 132 -1 -1 -1 -1 
61 2 293 397 132 134 -1 -1 -1 -1 
61 3 996 89 45 136 -1 -1 -1 -1 
61 4 575 187 125 75 -1 -1 -1 -1 
61 5 894 438 158 112 -1 -1 -1 -1 
62 1 954 100 36 132 -1 -1 -1 -1 
62 2 289 396 136 135 -1 -1 -1 -1 
62 3 996 88 45 137 -1 -1 -1 -1 
62 4 575 186 125 76 -1 -1 -1 -1 
62 5 898 437 154 113 -1 -1 -1 -1 
63 1 954 100 36 132 -1 -1 -1 -1 
63 2 286 396 139 135 -1 -1 -1 -1 
63 3 996 88 45 137 -1 -1 -1 -1 
63 4 575 186 125 76 -1 -1 -1 -1 
63 5 899 438 153 114 -1 -1 -1 -1 
64 1 954 100 36 132 -1 -1 -1 -1 
64 2 284 395 141 135 -1 -1 -1 -1 
64 3 996 88 45 137 -1 -1 -1 -1 
64 4 575 186 125 76 -1 -1 -1 -1 
64 5 897 439 156 116 -1 -1 -1 -1 
65 1 954 101 36 131 -1 -1 -1 -1 
65 2 283 395 142 135 -1 -1 -1 -1 
65 3 996 88 45 137 -1 -1 -1 -1 
65 4 575 187 125 75 -1 -1 -1 -1 
65 5 897 439 156 116 -1 -1 -1 -1 
66 1 954 101 36 131 -1 -1 -1 -1 
66 2 279 395 146 135 -1 -1 -1 -1 
66 3 996 88 45 137 -1 -1 -1 -1 
66 4 575 187 125 75 -1 -1 -1 -1 
66 5 897 439 157 117 -1 -1 -1 -1 
67 1 954 101 36 131 -1 -1 -1 -1 
67 2 280 395 145 135 -1 -1 -1 -1 
67 3 996 88 45 137 -1 -1 -1 -1 
67 4 575 187 125 75 -1 -1 -1 -1 
67 5 897 440 157 117 -1 -1 -1 -1 
68 1 954 101 36 130 -1 -1 -1 -1 
68 2 279 395 146 135 -1 -1 -1 -1 
68 3 996 88 45 137 -1 -1 -1 -1 
68 4 575 186 125 76 -1 -1 -1 -1 
68 5 897 440 157 118 -1 -1 -1 -1 
68 6 655 391 75 109 -1 -1 -1 -1 
69 1 953 101 37 130 -1 -1 -1 -1 
69 2 279 395 146 135 -1 -1 -1 -1 
69 3 996 88 45 137 -1 -1 -1 -1 
69 4 575 187 126 75 -1 -1 -1 -1 
69 5 897 441 158 117 -1 -1 -1 -1 
69 6 654 392 76 108 -1 -1 -1 -1 
70 1 953 101 36 130 -1 -1 -1 -1 
70 2 279 395 146 135 -1 -1 -1 -1 
70 3 995 88 46 136 -1 -1 -1 -1 
70 4 575 187 125 75 -1 -1 -1 -1 
70 5 897 442 158 117 -1 -1 -1 -1 
70 6 655 393 75 108 -1 -1 -1 -1 
71 1 953 100 36 131 -1 -1 -1 -1 
71 2 279 396 147 134 -1 -1 -1 -1 
71 3 994 88 47 136 -1 -1 -1 -1 
71 4 575 186 126 76 -1 -1 -1 -1 
71 5 897 444 158 116 -1 -1 -1 -1 
71 6 655 393 76 108 -1 -1 -1 -1 
72 1 953 101 35 130 -1 -1 -1 -1 
72 2 279 396 147 134 -1 -1 -1 -1 
72 3 994 88 47 136 -1 -1 -1 -1 
72 4 575 186 126 76 -1 -1 -1 -1 
72 5 897 445 158 115 -1 -1 -1 -1 
72 6 655 393 76 108 -1 -1 -1 -1 
73 1 953 101 35 130 -1 -1 -1 -1 
73 2 279 396 147 135 -1 -1 -1 -1 
73 3 994 88 47 136 -1 -1 -1 -1 
73 4 575 186 126 76 -1 -1 -1 -1 
73 5 898 446 157 113 -1 -1 -1 -1 
73 6 655 394 75 107 -1 -1 -1 -1 
74 1 953 101 35 130 -1 -1 -1 -1 
74 2 279 396 147 134 -1 -1 -1 -1 
74 3 994 88 47 136 -1 -1 -1 -1 
74 4 575 186 126 76 -1 -1 -1 -1 
74 5 898 447 157 113 -1 -1 -1 -1 
74 6 655 394 75 107 -1 -1 -1 -1 
75 1 953 101 35 130 -1 -1 -1 -1 
75 2 279 397 147 134 -1 -1 -1 -1 
75 3 994 88 47 136 -1 -1 -1 -1 
75 4 575 186 126 76 -1 -1 -1 -1 
75 5 898 449 157 110 -1 -1 -1 -1 
75 6 654 394 76 107 -1 -1 -1 -1 
76 1 952 100 37 131 -1 -1 -1 -1 
76 2 279 397 147 134 -1 -1 -1 -1 
76 3 994 89 47 135 -1 -1 -1 -1 
76 4 575 186 126 76 -1 -1 -1 -1 
76 5 898 451 156 109 -1 -1 -1 -1 
76 6 654 394 77 107 -1 -1 -1 -1 
77 1 952 100 37 131 -1 -1 -1 -1 
77 2 279 397 148 134 -1 -1 -1 -1 
77 3 994 88 47 136 -1 -1 -1 -1 
77 4 575 186 126 76 -1 -1 -1 -1 
77 5 898 453 156 107 -1 -1 -1 -1 
77 6 654 394 77 108 -1 -1 -1 -1 
78 1 952 100 37 131 -1 -1 -1 -1 
78 2 279 397 148 134 -1 -1 -1 -1 
78 3 994 88 47 136 -1 -1 -1 -1 
78 4 575 186 126 76 -1 -1 -1 -1 
78 5 898 453 156 107 -1 -1 -1 -1 
78 6 654 394 77 108 -1 -1 -1 -1 
79 1 951 100 38 131 -1 -1 -1 -1 
79 2 280 397 147 134 -1 -1 -1 -1 
79 3 993 88 48 136 -1 -1 -1 -1 
79 4 575 186 126 76 -1 -1 -1 -1 
79 5 899 454 154 106 -1 -1 -1 -1 
79 6 653 394 78 108 -1 -1 -1 -1 
80 1 951 100 37 131 -1 -1 -1 -1 
80 2 280 397 146 133 -1 -1 -1 -1 
80 3 994 88 47 136 -1 -1 -1 -1 
80 4 575 186 126 76 -1 -1 -1 -1 
80 5 899 454 154 106 -1 -1 -1 -1 
80 6 653 394 78 108 -1 -1 -1 -1 
81 1 950 100 38 131 -1 -1 -1 -1 
81 2 280 397 146 133 -1 -1 -1 -1 
81 3 994 88 47 136 -1 -1 -1 -1 
81 4 575 186 126 76 -1 -1 -1 -1 
81 5 899 454 155 106 -1 -1 -1 -1 
81 6 653 394 78 108 -1 -1 -1 -1 
82 1 950 101 37 129 -1 -1 -1 -1 
82 2 279 397 147 133 -1 -1 -1 -1 
82 3 994 88 47 136 -1 -1 -1 -1 
82 4 575 186 126 76 -1 -1 -1 -1 
82 5 899 454 155 106 -1 -1 -1 -1 
82 6 653 394 78 108 -1 -1 -1 -1 
83 1 950 100 36 130 -1 -1 -1 -1 
83 2 279 397 147 133 -1 -1 -1 -1 
83 3 994 88 47 136 -1 -1 -1 -1 
83 4 575 186 126 76 -1 -1 -1 -1 
83 5 899 454 155 106 -1 -1 -1 -1 
83 6 652 394 80 108 -1 -1 -1 -1 
84 1 949 100 37 130 -1 -1 -1 -1 
84 2 279 397 147 133 -1 -1 -1 -1 
84 3 994 88 47 136 -1 -1 -1 -1 
84 4 575 186 126 76 -1 -1 -1 -1 
84 5 899 454 154 106 -1 -1 -1 -1 
84 6 652 393 80 109 -1 -1 -1 -1 
85 1 949 100 37 130 -1 -1 -1 -1 
85 2 279 398 147 132 -1 -1 -1 -1 
85 3 994 88 47 136 -1 -1 -1 -1 
85 4 575 186 126 76 -1 -1 -1 -1 
85 5 899 454 154 106 -1 -1 -1 -1 
85 6 652 393 81 109 -1 -1 -1 -1 
86 1 949 100 37 130 -1 -1 -1 -1 
86 2 279 398 147 131 -1 -1 -1 -1 
86 3 995 88 46 136 -1 -1 -1 -1 
86 4 575 186 126 76 -1 -1 -1 -1 
86 5 899 454 155 106 -1 -1 -1 -1 
86 6 652 393 81 109 -1 -1 -1 -1 
87 1 949 100 37 130 -1 -1 -1 -1 
87 2 279 398 147 131 -1 -1 -1 -1 
87 3 995 88 46 136 -1 -1 -1 -1 
87 4 575 186 126 76 -1 -1 -1 -1 
87 5 899 454 155 106 -1 -1 -1 -1 
87 6 652 393 80 109 -1 -1 -1 -1 
88 1 949 100 37 130 -1 -1 -1 -1 
88 2 279 399 147 130 -1 -1 -1 -1 
88 3 995 88 46 136 -1 -1 -1 -1 
88 4 575 186 126 76 -1 -1 -1 -1 
88 5 899 454 155 106 -1 -1 -1 -1 
88 6 652 393 82 109 -1 -1 -1 -1 
89 1 949 100 37 130 -1 -1 -1 -1 
89 2 279 399 147 130 -1 -1 -1 -1 
89 3 994 88 47 136 -1 -1 -1 -1 
89 4 575 186 126 76 -1 -1 -1 -1 
89 5 899 454 155 106 -1 -1 -1 -1 
89 6 652 393 84 109 -1 -1 -1 -1 
90 1 949 100 37 130 -1 -1 -1 -1 
90 2 279 399 147 130 -1 -1 -1 -1 
90 3 994 88 47 136 -1 -1 -1 -1 
90 4 575 186 126 76 -1 -1 -1 -1 
90 5 899 454 155 106 -1 -1 -1 -1 
90 6 652 394 88 109 -1 -1 -1 -1 
91 1 949 99 38 131 -1 -1 -1 -1 
91 2 279 399 147 130 -1 -1 -1 -1 
91 3 994 88 47 136 -1 -1 -1 -1 
91 4 575 186 126 76 -1 -1 -1 -1 
91 5 899 454 155 106 -1 -1 -1 -1 
91 6 652 395 91 108 -1 -1 -1 -1 
92 1 949 100 38 130 -1 -1 -1 -1 
92 2 279 399 147 130 -1 -1 -1 -1 
92 3 994 88 46 136 -1 -1 -1 -1 
92 4 575 186 126 76 -1 -1 -1 -1 
92 5 899 453 155 107 -1 -1 -1 -1 
92 6 652 395 93 109 -1 -1 -1 -1 
93 1 950 100 37 130 -1 -1 -1 -1 
93 2 279 399 147 130 -1 -1 -1 -1 
93 3 994 87 46 137 -1 -1 -1 -1 
93 4 575 187 126 75 -1 -1 -1 -1 
93 5 899 453 155 107 -1 -1 -1 -1 
93 6 652 396 97 108 -1 -1 -1 -1 
94 1 950 100 37 130 -1 -1 -1 -1 
94 2 279 399 147 130 -1 -1 -1 -1 
94 3 994 87 46 137 -1 -1 -1 -1 
94 4 575 187 126 75 -1 -1 -1 -1 
94 5 899 453 155 108 -1 -1 -1 -1 
94 6 652 397 101 107 -1 -1 -1 -1 
95 1 950 99 37 131 -1 -1 -1 -1 
95 2 279 399 147 130 -1 -1 -1 -1 
95 3 995 87 45 137 -1 -1 -1 -1 
95 4 575 187 126 75 -1 -1 -1 -1 
95 5 899 453 155 107 -1 -1 -1 -1 
95 6 652 399 102 105 -1 -1 -1 -1 
96 1 950 100 38 130 -1 -1 -1 -1 
96 2 279 399 147 130 -1 -1 -1 -1 
96 3 995 87 45 137 -1 -1 -1 -1 
96 4 575 186 126 76 -1 -1 -1 -1 
96 5 898 453 156 107 -1 -1 -1 -1 
96 6 652 399 100 105 -1 -1 -1 -1 
97 1 950 99 38 131 -1 -1 -1 -1 
97 2 279 399 148 130 -1 -1 -1 -1 
97 3 995 86 44 138 -1 -1 -1 -1 
97 4 575 186 126 76 -1 -1 -1 -1 
97 5 898 453 156 107 -1 -1 -1 -1 
97 6 652 399 100 105 -1 -1 -1 -1 
98 1 950 99 38 131 -1 -1 -1 -1 
98 2 279 399 148 130 -1 -1 -1 -1 
98 3 995 86 44 138 -1 -1 -1 -1 
98 4 575 186 126 76 -1 -1 -1 -1 
98 5 898 453 157 107 -1 -1 -1 -1 
98 6 652 399 101 105 -1 -1 -1 -1 
99 1 950 99 38 131 -1 -1 -1 -1 
99 2 278 399 149 130 -1 -1 -1 -1 
99 3 995 86 43 138 -1 -1 -1 -1 
99 4 575 186 126 76 -1 -1 -1 -1 
99 5 898 453 157 107 -1 -1 -1 -1 
99 6 653 399 100 105 -1 -1 -1 -1 
99 9 959 151 12 21 -1 -1 -1 -1 
99 10 955 123 23 80 -1 -1 -1 -1 
100 1 950 99 38 131 -1 -1 -1 -1 
100 2 278 399 149 130 -1 -1 -1 -1 
100 3 995 86 43 138 -1 -1 -1 -1 
100 4 575 186 126 76 -1 -1 -1 -1 
100 5 898 453 156 108 -1 -1 -1 -1 
100 6 653 399 100 105 -1 -1 -1 -1 
100 9 959 151 12 21 -1 -1 -1 -1 
100 10 954 119 25 88 -1 -1 -1 -1 
101 1 951 99 37 131 -1 -1 -1 -1 
101 2 278 399 150 131 -1 -1 -1 -1 
101 3 996 86 41 139 -1 -1 -1 -1 
101 4 575 187 126 75 -1 -1 -1 -1 
101 5 898 453 156 107 -1 -1 -1 -1 
101 6 653 398 100 106 -1 -1 -1 -1 
101 9 958 151 13 24 -1 -1 -1 -1 
101 10 954 119 25 88 -1 -1 -1 -1 
102 1 951 99 37 131 -1 -1 -1 -1 
102 2 278 399 150 131 -1 -1 -1 -1 
102 3 996 86 41 138 -1 -1 -1 -1 
102 4 575 187 126 75 -1 -1 -1 -1 
102 5 898 453 156 107 -1 -1 -1 -1 
102 6 653 398 100 106 -1 -1 -1 -1 
102 9 958 151 13 24 -1 -1 -1 -1 
103 1 951 99 37 131 -1 -1 -1 -1 
103 2 278 399 150 131 -1 -1 -1 -1 
103 3 995 85 41 140 -1 -1 -1 -1 
103 4 575 187 126 75 -1 -1 -1 -1 
103 5 898 453 156 107 -1 -1 -1 -1 
103 6 652 398 101 105 -1 -1 -1 -1 
104 1 950 99 38 131 -1 -1 -1 -1 
104 2 278 399 150 131 -1 -1 -1 -1 
104 3 995 84 41 141 -1 -1 -1 -1 
104 4 575 187 126 75 -1 -1 -1 -1 
104 5 898 453 156 107 -1 -1 -1 -1 
104 6 652 398 101 105 -1 -1 -1 -1 
105 1 950 98 38 132 -1 -1 -1 -1 
105 2 278 399 150 131 -1 -1 -1 -1 
105 3 995 85 40 140 -1 -1 -1 -1 
105 4 575 187 126 75 -1 -1 -1 -1 
105 5 898 453 156 107 -1 -1 -1 -1 
105 6 652 398 100 105 -1 -1 -1 -1 
106 1 950 98 38 132 -1 -1 -1 -1 
106 2 278 400 150 130 -1 -1 -1 -1 
106 3 994 84 41 141 -1 -1 -1 -1 
106 4 575 187 126 75 -1 -1 -1 -1 
106 5 898 453 156 107 -1 -1 -1 -1 
106 6 653 398 99 105 -1 -1 -1 -1 
107 1 950 98 37 132 -1 -1 -1 -1 
107 2 278 400 150 130 -1 -1 -1 -1 
107 3 993 85 41 140 -1 -1 -1 -1 
107 4 575 187 126 75 -1 -1 -1 -1 
107 5 898 453 156 107 -1 -1 -1 -1 
107 6 653 399 99 104 -1 -1 -1 -1 
108 1 950 98 37 132 -1 -1 -1 -1 
108 2 278 400 151 130 -1 -1 -1 -1 
108 3 992 87 41 135 -1 -1 -1 -1 
108 4 575 187 126 75 -1 -1 -1 -1 
108 5 898 453 156 107 -1 -1 -1 -1 
108 6 653 399 99 104 -1 -1 -1 -1 
109 1 950 98 37 132 -1 -1 -1 -1 
109 2 278 400 151 130 -1 -1 -1 -1 
109 3 992 87 40 135 -1 -1 -1 -1 
109 4 575 187 126 75 -1 -1 -1 -1 
109 5 898 453 156 107 -1 -1 -1 -1 
109 6 653 400 99 103 -1 -1 -1 -1 
110 1 950 98 37 132 -1 -1 -1 -1 
110 2 278 401 151 129 -1 -1 -1 -1 
110 3 991 87 41 135 -1 -1 -1 -1 
110 4 575 187 126 75 -1 -1 -1 -1 
110 5 898 453 156 107 -1 -1 -1 -1 
110 6 653 399 99 104 -1 -1 -1 -1 
111 1 950 99 37 131 -1 -1 -1 -1 
111 2 277 402 152 128 -1 -1 -1 -1 
111 3 991 87 41 135 -1 -1 -1 -1 
111 4 575 187 126 75 -1 -1 -1 -1 
111 5 898 453 156 107 -1 -1 -1 -1 
111 6 653 399 99 105 -1 -1 -1 -1 
112 1 950 99 37 131 -1 -1 -1 -1 
112 2 276 402 153 128 -1 -1 -1 -1 
112 3 991 87 41 135 -1 -1 -1 -1 
112 4 575 187 126 75 -1 -1 -1 -1 
112 5 898 453 156 107 -1 -1 -1 -1 
112 6 652 399 100 105 -1 -1 -1 -1 
113 1 950 99 36 131 -1 -1 -1 -1 
113 2 274 402 155 128 -1 -1 -1 -1 
113 3 991 87 40 135 -1 -1 -1 -1 
113 4 575 187 126 76 -1 -1 -1 -1 
113 5 898 453 156 107 -1 -1 -1 -1 
113 6 652 399 100 105 -1 -1 -1 -1 
114 1 950 99 36 131 -1 -1 -1 -1 
114 2 273 402 156 128 -1 -1 -1 -1 
114 3 990 87 41 135 -1 -1 -1 -1 
114 4 575 187 126 76 -1 -1 -1 -1 
114 5 898 453 156 107 -1 -1 -1 -1 
114 6 652 399 100 105 -1 -1 -1 -1 
115 1 950 99 36 130 -1 -1 -1 -1 
115 2 273 401 156 129 -1 -1 -1 -1 
115 3 991 87 40 135 -1 -1 -1 -1 
115 4 575 187 126 76 -1 -1 -1 -1 
115 5 898 453 156 107 -1 -1 -1 -1 
115 6 652 400 100 104 -1 -1 -1 -1 
115 9 956 150 12 20 -1 -1 -1 -1 
115 11 952 112 28 103 -1 -1 -1 -1 
116 1 951 99 35 128 -1 -1 -1 -1 
116 2 272 402 159 126 -1 -1 -1 -1 
116 3 991 87 40 135 -1 -1 -1 -1 
116 4 575 187 126 75 -1 -1 -1 -1 
116 5 898 453 157 107 -1 -1 -1 -1 
116 6 652 400 100 104 -1 -1 -1 -1 
116 9 955 150 12 20 -1 -1 -1 -1 
116 11 953 121 24 83 -1 -1 -1 -1 
117 1 950 99 36 128 -1 -1 -1 -1 
117 2 270 402 163 127 -1 -1 -1 -1 
117 3 991 87 40 135 -1 -1 -1 -1 
117 4 575 187 126 75 -1 -1 -1 -1 
117 5 898 453 157 107 -1 -1 -1 -1 
117 6 652 400 99 104 -1 -1 -1 -1 
117 9 954 150 11 20 -1 -1 -1 -1 
117 11 952 118 25 90 -1 -1 -1 -1 
118 1 951 99 36 129 -1 -1 -1 -1 
118 2 270 403 163 125 -1 -1 -1 -1 
118 3 990 87 41 135 -1 -1 -1 -1 
118 4 575 187 126 76 -1 -1 -1 -1 
118 5 898 453 157 107 -1 -1 -1 -1 
118 6 652 400 99 104 -1 -1 -1 -1 
118 9 953 149 13 23 -1 -1 -1 -1 
119 1 951 99 36 130 -1 -1 -1 -1 
119 2 270 403 162 125 -1 -1 -1 -1 
119 3 990 87 41 135 -1 -1 -1 -1 
119 4 575 187 126 76 -1 -1 -1 -1 
119 5 898 453 156 107 -1 -1 -1 -1 
119 6 652 400 100 104 -1 -1 -1 -1 
119 9 952 150 12 22 -1 -1 -1 -1 
119 11 953 135 18 55 -1 -1 -1 -1 
120 1 950 98 37 131 -1 -1 -1 -1 
120 2 270 403 161 125 -1 -1 -1 -1 
120 3 990 87 42 135 -1 -1 -1 -1 
120 4 575 187 126 76 -1 -1 -1 -1 
120 5 898 453 156 107 -1 -1 -1 -1 
120 6 652 400 99 104 -1 -1 -1 -1 
120 9 952 150 12 23 -1 -1 -1 -1 
120 11 952 143 15 38 -1 -1 -1 -1 
121 1 950 98 36 132 -1 -1 -1 -1 
121 2 270 404 160 124 -1 -1 -1 -1 
121 3 990 86 42 136 -1 -1 -1 -1 
121 4 575 187 126 76 -1 -1 -1 -1 
121 5 898 453 157 107 -1 -1 -1 -1 
121 6 652 400 100 104 -1 -1 -1 -1 
121 9 951 150 13 23 -1 -1 -1 -1 
122 1 950 98 36 132 -1 -1 -1 -1 
122 2 272 407 156 121 -1 -1 -1 -1 
122 3 990 87 42 135 -1 -1 -1 -1 
122 4 575 187 126 75 -1 -1 -1 -1 
122 5 898 453 157 107 -1 -1 -1 -1 
122 6 652 400 100 104 -1 -1 -1 -1 
122 9 950 150 13 24 -1 -1 -1 -1 
123 1 949 99 36 132 -1 -1 -1 -1 
123 2 272 407 155 121 -1 -1 -1 -1 
123 3 990 87 43 135 -1 -1 -1 -1 
123 4 575 187 127 75 -1 -1 -1 -1 
123 5 898 453 157 107 -1 -1 -1 -1 
123 6 652 400 100 104 -1 -1 -1 -1 
123 9 949 151 13 23 -1 -1 -1 -1 
124 1 949 100 35 131 -1 -1 -1 -1 
124 2 271 408 155 120 -1 -1 -1 -1 
124 3 990 87 43 135 -1 -1 -1 -1 
124 4 575 186 126 76 -1 -1 -1 -1 
124 5 898 453 157 107 -1 -1 -1 -1 
124 6 652 400 100 104 -1 -1 -1 -1 
124 9 948 151 13 24 -1 -1 -1 -1 
125 1 948 101 36 130 -1 -1 -1 -1 
125 2 271 408 155 120 -1 -1 -1 -1 
125 3 991 87 42 135 -1 -1 -1 -1 
125 4 575 187 126 76 -1 -1 -1 -1 
125 5 898 453 157 107 -1 -1 -1 -1 
125 6 652 400 100 104 -1 -1 -1 -1 
125 9 948 153 11 22 -1 -1 -1 -1 
126 1 948 103 36 128 -1 -1 -1 -1 
126 2 271 408 155 120 -1 -1 -1 -1 
126 3 990 87 43 135 -1 -1 -1 -1 
126 4 575 186 126 77 -1 -1 -1 -1 
126 5 898 453 157 107 -1 -1 -1 -1 
126 6 652 400 100 104 -1 -1 -1 -1 
126 9 947 153 12 22 -1 -1 -1 -1 
126 10 950 140 18 53 -1 -1 -1 -1 
127 1 947 104 37 127 -1 -1 -1 -1 
127 2 271 408 153 120 -1 -1 -1 -1 
127 3 991 87 42 135 -1 -1 -1 -1 
127 4 575 186 126 77 -1 -1 -1 -1 
127 5 898 454 157 106 -1 -1 -1 -1 
127 6 652 400 100 104 -1 -1 -1 -1 
127 9 946 155 12 21 -1 -1 -1 -1 
127 10 949 133 21 69 -1 -1 -1 -1 
128 1 947 106 38 126 -1 -1 -1 -1 
128 2 271 409 153 119 -1 -1 -1 -1 
128 3 990 87 43 135 -1 -1 -1 -1 
128 4 575 186 126 76 -1 -1 -1 -1 
128 5 898 454 157 106 -1 -1 -1 -1 
128 6 652 400 100 104 -1 -1 -1 -1 
128 9 946 156 12 21 -1 -1 -1 -1 
128 10 948 132 23 74 -1 -1 -1 -1 
129 1 947 106 38 126 -1 -1 -1 -1 
129 2 271 409 153 119 -1 -1 -1 -1 
129 3 990 88 43 134 -1 -1 -1 -1 
129 4 575 186 126 76 -1 -1 -1 -1 
129 5 898 454 156 106 -1 -1 -1 -1 
129 6 652 400 100 104 -1 -1 -1 -1 
129 9 946 157 11 21 -1 -1 -1 -1 
130 1 947 108 38 125 -1 -1 -1 -1 
130 2 270 410 155 119 -1 -1 -1 -1 
130 3 989 87 44 135 -1 -1 -1 -1 
130 4 575 186 126 76 -1 -1 -1 -1 
130 5 898 454 157 106 -1 -1 -1 -1 
130 6 652 399 101 105 -1 -1 -1 -1 
130 9 945 157 12 21 -1 -1 -1 -1 
131 1 947 110 40 121 -1 -1 -1 -1 
131 2 271 410 154 118 -1 -1 -1 -1 
131 3 989 87 44 135 -1 -1 -1 -1 
131 4 575 186 126 76 -1 -1 -1 -1 
131 5 899 454 155 106 -1 -1 -1 -1 
131 6 652 399 100 105 -1 -1 -1 -1 
131 9 946 158 11 21 -1 -1 -1 -1 
132 1 947 113 41 117 -1 -1 -1 -1 
132 2 270 411 155 117 -1 -1 -1 -1 
132 3 988 87 45 135 -1 -1 -1 -1 
132 4 575 186 126 76 -1 -1 -1 -1 
132 5 899 454 155 106 -1 -1 -1 -1 
132 6 652 399 100 105 -1 -1 -1 -1 
132 9 946 160 10 20 -1 -1 -1 -1 
133 1 947 118 40 113 -1 -1 -1 -1 
133 2 270 411 156 118 -1 -1 -1 -1 
133 3 988 87 45 135 -1 -1 -1 -1 
133 4 575 186 126 76 -1 -1 -1 -1 
133 5 899 454 156 106 -1 -1 -1 -1 
133 6 652 399 100 105 -1 -1 -1 -1 
133 9 945 161 11 20 -1 -1 -1 -1 
134 1 945 119 45 112 -1 -1 -1 -1 
134 2 270 411 156 117 -1 -1 -1 -1 
134 3 988 87 45 135 -1 -1 -1 -1 
134 4 575 186 126 76 -1 -1 -1 -1 
134 5 899 454 156 106 -1 -1 -1 -1 
134 6 652 399 100 105 -1 -1 -1 -1 
134 9 945 162 12 20 -1 -1 -1 -1 
135 1 944 126 46 106 -1 -1 -1 -1 
135 2 269 412 158 116 -1 -1 -1 -1 
135 3 987 86 47 140 -1 -1 -1 -1 
135 4 575 186 126 76 -1 -1 -1 -1 
135 5 899 454 156 106 -1 -1 -1 -1 
135 6 652 399 101 105 -1 -1 -1 -1 
136 1 944 128 47 104 -1 -1 -1 -1 
136 2 269 412 158 116 -1 -1 -1 -1 
136 3 986 85 48 141 -1 -1 -1 -1 
136 4 575 186 126 76 -1 -1 -1 -1 
136 5 899 454 156 106 -1 -1 -1 -1 
136 6 651 399 102 105 -1 -1 -1 -1 
137 1 944 131 47 102 -1 -1 -1 -1 
137 2 269 412 158 116 -1 -1 -1 -1 
137 3 987 86 47 140 -1 -1 -1 -1 
137 4 575 186 126 76 -1 -1 -1 -1 
137 5 899 454 156 106 -1 -1 -1 -1 
137 6 651 399 101 105 -1 -1 -1 -1 
138 1 944 131 48 103 -1 -1 -1 -1 
138 2 270 412 157 116 -1 -1 -1 -1 
138 3 986 86 48 140 -1 -1 -1 -1 
138 4 575 186 126 76 -1 -1 -1 -1 
138 5 899 454 156 106 -1 -1 -1 -1 
138 6 651 399 101 105 -1 -1 -1 -1 
139 1 945 133 48 101 -1 -1 -1 -1 
139 2 270 412 157 116 -1 -1 -1 -1 
139 3 986 86 48 140 -1 -1 -1 -1 
139 4 575 186 126 76 -1 -1 -1 -1 
139 5 899 454 156 106 -1 -1 -1 -1 
139 6 651 399 101 105 -1 -1 -1 -1 
140 1 945 134 48 100 -1 -1 -1 -1 
140 2 270 412 157 116 -1 -1 -1 -1 
140 3 987 87 47 137 -1 -1 -1 -1 
140 4 575 186 126 76 -1 -1 -1 -1 
140 5 899 454 156 106 -1 -1 -1 -1 
140 6 651 399 101 105 -1 -1 -1 -1 
141 1 945 137 49 97 -1 -1 -1 -1 
141 2 270 412 157 116 -1 -1 -1 -1 
141 3 987 87 47 136 -1 -1 -1 -1 
141 4 575 186 126 76 -1 -1 -1 -1 
141 5 899 454 156 106 -1 -1 -1 -1 
141 6 651 399 101 105 -1 -1 -1 -1 
142 1 941 139 51 96 -1 -1 -1 -1 
142 2 270 412 157 116 -1 -1 -1 -1 
142 3 986 86 48 137 -1 -1 -1 -1 
142 4 575 186 126 76 -1 -1 -1 -1 
142 5 899 454 156 106 -1 -1 -1 -1 
142 6 651 399 101 105 -1 -1 -1 -1 
143 1 937 138 55 99 -1 -1 -1 -1 
143 2 270 412 157 116 -1 -1 -1 -1 
143 3 985 86 49 137 -1 -1 -1 -1 
143 4 575 186 126 76 -1 -1 -1 -1 
143 5 899 454 156 106 -1 -1 -1 -1 
143 6 651 399 102 105 -1 -1 -1 -1 
144 1 939 136 54 103 -1 -1 -1 -1 
144 2 270 412 157 116 -1 -1 -1 -1 
144 3 985 86 49 138 -1 -1 -1 -1 
144 4 575 186 126 76 -1 -1 -1 -1 
144 5 899 454 156 106 -1 -1 -1 -1 
144 6 651 399 102 105 -1 -1 -1 -1 
145 1 940 138 51 105 -1 -1 -1 -1 
145 2 271 412 156 116 -1 -1 -1 -1 
145 3 984 86 50 138 -1 -1 -1 -1 
145 4 575 185 126 77 -1 -1 -1 -1 
145 5 899 454 156 106 -1 -1 -1 -1 
145 6 651 399 102 105 -1 -1 -1 -1 
146 1 945 140 44 102 -1 -1 -1 -1 
146 2 271 412 156 116 -1 -1 -1 -1 
146 3 986 86 48 137 -1 -1 -1 -1 
146 4 575 186 126 76 -1 -1 -1 -1 
146 5 899 454 156 106 -1 -1 -1 -1 
146 6 651 399 102 105 -1 -1 -1 -1 
146 9 947 179 13 23 -1 -1 -1 -1 
147 1 945 140 45 103 -1 -1 -1 -1 
147 2 271 412 156 116 -1 -1 -1 -1 
147 3 985 86 49 137 -1 -1 -1 -1 
147 4 575 186 126 76 -1 -1 -1 -1 
147 5 899 454 156 106 -1 -1 -1 -1 
147 6 651 399 102 105 -1 -1 -1 -1 
147 9 947 183 13 21 -1 -1 -1 -1 
147 10 947 163 21 59 -1 -1 -1 -1 
148 1 946 139 50 105 -1 -1 -1 -1 
148 2 271 412 155 116 -1 -1 -1 -1 
148 3 986 87 48 136 -1 -1 -1 -1 
148 4 575 186 126 76 -1 -1 -1 -1 
148 5 899 454 156 106 -1 -1 -1 -1 
148 6 652 399 101 105 -1 -1 -1 -1 
148 9 950 182 15 24 -1 -1 -1 -1 
148 10 949 172 21 44 -1 -1 -1 -1 
149 1 947 141 47 103 -1 -1 -1 -1 
149 2 271 412 155 116 -1 -1 -1 -1 
149 3 986 87 47 135 -1 -1 -1 -1 
149 4 575 186 126 76 -1 -1 -1 -1 
149 5 899 454 156 106 -1 -1 -1 -1 
149 6 652 399 101 105 -1 -1 -1 -1 
149 9 954 184 16 25 -1 -1 -1 -1 
149 10 949 157 27 75 -1 -1 -1 -1 
150 1 948 142 45 104 -1 -1 -1 -1 
150 2 271 412 155 116 -1 -1 -1 -1 
150 3 986 88 48 135 -1 -1 -1 -1 
150 4 575 186 126 76 -1 -1 -1 -1 
150 5 899 454 156 106 -1 -1 -1 -1 
150 6 652 399 101 105 -1 -1 -1 -1 
150 9 955 188 14 24 -1 -1 -1 -1 
150 10 951 155 29 82 -1 -1 -1 -1 
151 1 949 143 48 104 -1 -1 -1 -1 
151 2 271 412 155 116 -1 -1 -1 -1 
151 3 987 88 46 133 -1 -1 -1 -1 
151 4 575 186 126 76 -1 -1 -1 -1 
151 5 899 454 156 106 -1 -1 -1 -1 
151 6 652 399 101 105 -1 -1 -1 -1 
152 1 948 140 51 109 -1 -1 -1 -1 
152 2 271 413 155 115 -1 -1 -1 -1 
152 3 987 88 46 133 -1 -1 -1 -1 
152 4 575 186 126 76 -1 -1 -1 -1 
152 5 899 454 156 106 -1 -1 -1 -1 
152 6 652 399 101 105 -1 -1 -1 -1 
153 1 948 139 52 112 -1 -1 -1 -1 
153 2 271 413 155 115 -1 -1 -1 -1 
153 3 989 87 44 138 -1 -1 -1 -1 
153 4 575 186 126 76 -1 -1 -1 -1 
153 5 899 454 156 106 -1 -1 -1 -1 
153 6 652 399 100 105 -1 -1 -1 -1 
154 1 945 138 57 113 -1 -1 -1 -1 
154 2 271 413 155 115 -1 -1 -1 -1 
154 3 988 88 46 135 -1 -1 -1 -1 
154 4 575 186 126 76 -1 -1 -1 -1 
154 5 899 454 156 106 -1 -1 -1 -1 
154 6 652 399 100 105 -1 -1 -1 -1 
155 1 946 131 58 120 -1 -1 -1 -1 
155 2 271 413 155 115 -1 -1 -1 -1 
155 3 989 88 45 135 -1 -1 -1 -1 
155 4 575 186 126 76 -1 -1 -1 -1 
155 5 899 454 156 106 -1 -1 -1 -1 
155 6 651 399 102 105 -1 -1 -1 -1 
155 9 984 187 14 27 -1 -1 -1 -1 
156 1 949 129 58 123 -1 -1 -1 -1 
156 2 271 414 156 114 -1 -1 -1 -1 
156 3 991 88 44 134 -1 -1 -1 -1 
156 4 575 185 126 77 -1 -1 -1 -1 
156 5 899 454 156 106 -1 -1 -1 -1 
156 6 652 399 101 106 -1 -1 -1 -1 
156 9 996 185 13 24 -1 -1 -1 -1 
157 1 955 128 53 124 -1 -1 -1 -1 
157 2 271 414 156 114 -1 -1 -1 -1 
157 3 991 88 44 136 -1 -1 -1 -1 
157 4 575 186 126 76 -1 -1 -1 -1 
157 5 898 454 157 106 -1 -1 -1 -1 
157 6 651 399 103 105 -1 -1 -1 -1 
158 1 959 126 51 128 -1 -1 -1 -1 
158 2 271 414 156 114 -1 -1 -1 -1 
158 3 993 88 42 134 -1 -1 -1 -1 
158 4 575 186 126 76 -1 -1 -1 -1 
158 5 898 454 157 106 -1 -1 -1 -1 
158 6 651 399 103 105 -1 -1 -1 -1 
159 1 965 126 50 128 -1 -1 -1 -1 
159 2 271 414 155 114 -1 -1 -1 -1 
159 3 993 88 42 135 -1 -1 -1 -1 
159 4 575 186 126 76 -1 -1 -1 -1 
159 5 899 454 156 106 -1 -1 -1 -1 
159 6 651 399 102 105 -1 -1 -1 -1 
160 1 967 125 55 132 -1 -1 -1 -1 
160 2 271 414 156 114 -1 -1 -1 -1 
160 3 993 89 43 137 -1 -1 -1 -1 
160 4 575 186 126 76 -1 -1 -1 -1 
160 5 898 454 157 106 -1 -1 -1 -1 
160 6 651 399 102 105 -1 -1 -1 -1 
161 1 966 128 57 136 -1 -1 -1 -1 
161 2 271 414 156 114 -1 -1 -1 -1 
161 3 994 89 43 141 -1 -1 -1 -1 
161 4 575 185 125 77 -1 -1 -1 -1 
161 5 898 453 158 107 -1 -1 -1 -1 
161 6 650 398 104 107 -1 -1 -1 -1 
162 1 968 132 60 131 -1 -1 -1 -1 
162 2 271 414 156 114 -1 -1 -1 -1 
162 3 994 89 43 141 -1 -1 -1 -1 
162 4 575 185 126 77 -1 -1 -1 -1 
162 5 898 453 158 107 -1 -1 -1 -1 
163 1 965 143 65 123 -1 -1 -1 -1 
163 2 270 414 157 114 -1 -1 -1 -1 
163 3 995 87 45 153 -1 -1 -1 -1 
163 4 575 185 126 77 -1 -1 -1 -1 
163 5 898 453 159 108 -1 -1 -1 -1 
163 6 650 398 105 107 -1 -1 -1 -1 
164 1 963 148 70 120 -1 -1 -1 -1 
164 2 270 414 157 114 -1 -1 -1 -1 
164 3 995 87 45 153 -1 -1 -1 -1 
164 4 575 185 126 77 -1 -1 -1 -1 
164 5 898 453 159 107 -1 -1 -1 -1 
165 1 965 158 69 112 -1 -1 -1 -1 
165 2 270 414 157 114 -1 -1 -1 -1 
165 3 994 85 46 158 -1 -1 -1 -1 
165 4 575 185 126 77 -1 -1 -1 -1 
165 5 898 453 159 107 -1 -1 -1 -1 
165 6 651 398 105 107 -1 -1 -1 -1 
166 1 965 163 69 110 -1 -1 -1 -1 
166 2 270 414 157 114 -1 -1 -1 -1 
166 3 997 87 44 150 -1 -1 -1 -1 
166 4 575 184 126 78 -1 -1 -1 -1 
166 5 899 453 158 107 -1 -1 -1 -1 
166 6 651 398 105 107 -1 -1 -1 -1 
167 1 966 170 67 106 -1 -1 -1 -1 
167 2 270 414 157 114 -1 -1 -1 -1 
167 3 997 89 44 149 -1 -1 -1 -1 
167 4 575 185 126 77 -1 -1 -1 -1 
167 5 899 453 158 107 -1 -1 -1 -1 
167 6 651 398 105 107 -1 -1 -1 -1 
168 1 969 179 64 105 -1 -1 -1 -1 
168 2 270 414 157 115 -1 -1 -1 -1 
168 3 992 88 49 158 -1 -1 -1 -1 
168 4 575 185 126 77 -1 -1 -1 -1 
168 5 898 453 159 108 -1 -1 -1 -1 
168 6 650 398 106 107 -1 -1 -1 -1 
169 1 977 176 58 109 -1 -1 -1 -1 
169 2 270 414 157 115 -1 -1 -1 -1 
169 3 992 86 50 171 -1 -1 -1 -1 
169 4 575 185 126 77 -1 -1 -1 -1 
169 5 898 453 159 108 -1 -1 -1 -1 
169 6 650 398 105 106 -1 -1 -1 -1 
169 9 962 209 14 23 -1 -1 -1 -1 
170 1 972 180 62 105 -1 -1 -1 -1 
170 2 270 414 157 115 -1 -1 -1 -1 
170 3 992 86 49 156 -1 -1 -1 -1 
170 4 575 185 125 77 -1 -1 -1 -1 
170 5 898 453 159 108 -1 -1 -1 -1 
170 6 650 397 105 108 -1 -1 -1 -1 
170 9 947 234 16 25 -1 -1 -1 -1 
171 1 974 188 61 97 -1 -1 -1 -1 
171 2 270 414 157 115 -1 -1 -1 -1 
171 3 993 90 49 147 -1 -1 -1 -1 
171 4 575 185 126 77 -1 -1 -1 -1 
171 5 898 453 159 108 -1 -1 -1 -1 
171 6 649 397 106 108 -1 -1 -1 -1 
171 9 945 254 17 26 -1 -1 -1 -1 
172 1 975 187 60 99 -1 -1 -1 -1 
172 2 270 414 157 115 -1 -1 -1 -1 
172 3 989 88 53 167 -1 -1 -1 -1 
172 4 575 185 125 77 -1 -1 -1 -1 
172 5 898 452 160 108 -1 -1 -1 -1 
172 6 652 397 102 107 -1 -1 -1 -1 
172 9 953 271 19 27 -1 -1 -1 -1 
173 1 980 189 55 97 -1 -1 -1 -1 
173 2 270 414 157 115 -1 -1 -1 -1 
173 3 988 88 54 167 -1 -1 -1 -1 
173 4 575 185 125 77 -1 -1 -1 -1 
173 5 898 452 160 108 -1 -1 -1 -1 
173 6 653 396 101 108 -1 -1 -1 -1 
173 9 961 279 18 28 -1 -1 -1 -1 
174 1 984 194 51 92 -1 -1 -1 -1 
174 2 270 413 157 116 -1 -1 -1 -1 
174 3 988 93 53 144 -1 -1 -1 -1 
174 4 575 185 126 77 -1 -1 -1 -1 
174 5 898 452 160 108 -1 -1 -1 -1 
174 6 654 395 101 109 -1 -1 -1 -1 
174 9 969 282 18 27 -1 -1 -1 -1 
175 1 987 190 55 95 -1 -1 -1 -1 
175 2 270 414 157 115 -1 -1 -1 -1 
175 3 988 93 53 145 -1 -1 -1 -1 
175 4 575 184 126 78 -1 -1 -1 -1 
175 5 898 452 160 108 -1 -1 -1 -1 
175 6 652 395 105 109 -1 -1 -1 -1 
175 9 978 287 18 26 -1 -1 -1 -1 
176 1 987 186 56 97 -1 -1 -1 -1 
176 2 270 414 157 115 -1 -1 -1 -1 
176 3 991 93 48 141 -1 -1 -1 -1 
176 4 575 184 126 78 -1 -1 -1 -1 
176 5 898 452 160 108 -1 -1 -1 -1 
176 6 651 394 108 110 -1 -1 -1 -1 
176 9 986 294 18 26 -1 -1 -1 -1 
177 1 986 185 57 101 -1 -1 -1 -1 
177 2 270 414 157 115 -1 -1 -1 -1 
177 3 991 93 46 143 -1 -1 -1 -1 
177 4 575 184 126 78 -1 -1 -1 -1 
177 5 898 452 161 108 -1 -1 -1 -1 
177 6 650 394 110 109 -1 -1 -1 -1 
177 9 995 301 17 27 -1 -1 -1 -1 
178 1 983 186 50 101 -1 -1 -1 -1 
178 2 271 414 157 115 -1 -1 -1 -1 
178 3 986 93 48 140 -1 -1 -1 -1 
178 4 575 184 126 78 -1 -1 -1 -1 
178 5 899 451 160 110 -1 -1 -1 -1 
178 6 645 393 119 110 -1 -1 -1 -1 
178 9 1003 311 18 26 -1 -1 -1 -1 
179 1 980 183 58 103 -1 -1 -1 -1 
179 2 271 414 159 116 -1 -1 -1 -1 
179 3 982 93 53 145 -1 -1 -1 -1 
179 4 574 183 127 79 -1 -1 -1 -1 
179 5 898 450 162 111 -1 -1 -1 -1 
179 6 636 393 129 111 -1 -1 -1 -1 
179 9 1011 320 20 27 -1 -1 -1 -1 
180 1 980 185 53 99 -1 -1 -1 -1 
180 2 275 414 157 117 -1 -1 -1 -1 
180 3 978 93 55 147 -1 -1 -1 -1 
180 4 575 183 126 80 -1 -1 -1 -1 
180 5 898 450 164 111 -1 -1 -1 -1 
180 6 626 393 143 111 -1 -1 -1 -1 
180 9 1018 331 19 29 -1 -1 -1 -1 
181 1 971 184 60 102 -1 -1 -1 -1 
181 2 277 414 157 117 -1 -1 -1 -1 
181 3 979 93 53 148 -1 -1 -1 -1 
181 4 575 182 125 81 -1 -1 -1 -1 
181 5 898 449 165 112 -1 -1 -1 -1 
181 6 624 393 149 111 -1 -1 -1 -1 
181 9 1027 345 19 29 -1 -1 -1 -1 
182 1 958 189 75 96 -1 -1 -1 -1 
182 2 285 413 155 119 -1 -1 -1 -1 
182 3 981 93 49 139 -1 -1 -1 -1 
182 4 575 183 125 80 -1 -1 -1 -1 
182 5 895 447 179 115 -1 -1 -1 -1 
182 6 621 394 155 111 -1 -1 -1 -1 
182 9 1036 359 20 31 -1 -1 -1 -1 
183 1 972 192 61 94 -1 -1 -1 -1 
183 2 289 414 153 119 -1 -1 -1 -1 
183 3 977 94 53 130 -1 -1 -1 -1 
183 4 575 183 126 80 -1 -1 -1 -1 
183 5 894 446 182 116 -1 -1 -1 -1 
183 6 622 397 158 108 -1 -1 -1 -1 
183 9 1044 371 21 28 -1 -1 -1 -1 
184 1 972 192 61 94 -1 -1 -1 -1 
184 2 294 415 148 119 -1 -1 -1 -1 
184 3 974 96 55 123 -1 -1 -1 -1 
184 4 575 183 125 80 -1 -1 -1 -1 
184 5 892 447 190 115 -1 -1 -1 -1 
184 6 620 402 172 103 -1 -1 -1 -1 
185 1 928 190 104 95 -1 -1 -1 -1 
185 2 296 416 147 119 -1 -1 -1 -1 
185 3 974 96 52 127 -1 -1 -1 -1 
185 4 575 184 125 79 -1 -1 -1 -1 
185 5 899 448 177 113 -1 -1 -1 -1 
185 6 619 415 175 90 -1 -1 -1 -1 
185 9 1059 380 18 28 -1 -1 -1 -1 
186 1 920 191 101 95 -1 -1 -1 -1 
186 2 299 417 144 119 -1 -1 -1 -1 
186 3 975 95 47 136 -1 -1 -1 -1 
186 4 575 184 125 79 -1 -1 -1 -1 
186 5 899 448 183 113 -1 -1 -1 -1 
186 6 623 422 176 83 -1 -1 -1 -1 
186 9 1066 386 20 28 -1 -1 -1 -1 
187 1 923 190 95 97 -1 -1 -1 -1 
187 2 300 419 144 117 -1 -1 -1 -1 
187 3 975 95 44 139 -1 -1 -1 -1 
187 4 575 184 125 79 -1 -1 -1 -1 
187 5 899 450 186 108 -1 -1 -1 -1 
187 6 623 433 178 72 -1 -1 -1 -1 
188 1 926 186 90 103 -1 -1 -1 -1 
188 2 301 420 144 117 -1 -1 -1 -1 
188 3 974 96 41 136 -1 -1 -1 -1 
188 4 575 185 126 78 -1 -1 -1 -1 
188 5 899 452 198 102 -1 -1 -1 -1 
188 6 622 435 179 70 -1 -1 -1 -1 
189 1 930 186 85 106 -1 -1 -1 -1 
189 2 302 420 143 117 -1 -1 -1 -1 
189 3 970 99 41 124 -1 -1 -1 -1 
189 4 575 185 126 78 -1 -1 -1 -1 
189 5 901 454 198 100 -1 -1 -1 -1 
189 6 625 439 187 67 -1 -1 -1 -1 
190 1 937 187 78 109 -1 -1 -1 -1 
190 2 299 421 148 117 -1 -1 -1 -1 
190 3 967 100 40 131 -1 -1 -1 -1 
190 4 575 185 126 77 -1 -1 -1 -1 
190 5 900 457 207 96 -1 -1 -1 -1 
190 6 632 442 186 64 -1 -1 -1 -1 
191 1 920 186 97 109 -1 -1 -1 -1 
191 2 300 420 147 119 -1 -1 -1 -1 
191 3 964 100 40 137 -1 -1 -1 -1 
191 4 575 185 126 77 -1 -1 -1 -1 
191 5 897 460 203 92 -1 -1 -1 -1 
191 6 642 440 193 68 -1 -1 -1 -1 
191 9 1106 441 18 28 -1 -1 -1 -1 
192 1 907 182 107 114 -1 -1 -1 -1 
192 2 301 420 146 119 -1 -1 -1 -1 
192 3 961 101 38 140 -1 -1 -1 -1 
192 4 575 185 126 78 -1 -1 -1 -1 
192 5 897 469 223 82 -1 -1 -1 -1 
192 6 662 442 180 66 -1 -1 -1 -1 
192 9 1113 456 20 27 -1 -1 -1 -1 
193 1 899 177 107 120 -1 -1 -1 -1 
193 2 302 420 146 121 -1 -1 -1 -1 
193 3 959 101 38 142 -1 -1 -1 -1 
193 4 575 185 126 77 -1 -1 -1 -1 
193 5 893 475 233 73 -1 -1 -1 -1 
193 6 660 446 195 61 -1 -1 -1 -1 
193 9 1123 460 18 26 -1 -1 -1 -1 
194 1 895 173 101 124 -1 -1 -1 -1 
194 2 303 419 146 122 -1 -1 -1 -1 
194 3 956 103 41 142 -1 -1 -1 -1 
194 4 575 184 126 78 -1 -1 -1 -1 
194 5 911 479 215 67 -1 -1 -1 -1 
194 6 664 451 195 56 -1 -1 -1 -1 
195 1 896 173 90 123 -1 -1 -1 -1 
195 2 303 419 146 123 -1 -1 -1 -1 
195 3 953 104 42 140 -1 -1 -1 -1 
195 4 575 183 125 80 -1 -1 -1 -1 
195 5 918 485 212 61 -1 -1 -1 -1 
195 6 667 452 194 55 -1 -1 -1 -1 
196 1 895 175 75 123 -1 -1 -1 -1 
196 2 304 419 145 123 -1 -1 -1 -1 
196 3 949 106 45 132 -1 -1 -1 -1 
196 4 575 183 125 80 -1 -1 -1 -1 
196 5 926 484 224 62 -1 -1 -1 -1 
196 6 672 449 193 58 -1 -1 -1 -1 
197 1 896 175 65 124 -1 -1 -1 -1 
197 2 303 418 147 124 -1 -1 -1 -1 
197 3 944 111 47 123 -1 -1 -1 -1 
197 4 575 183 126 79 -1 -1 -1 -1 
197 5 935 477 195 67 -1 -1 -1 -1 
197 6 676 441 194 68 -1 -1 -1 -1 
198 1 894 174 65 127 -1 -1 -1 -1 
198 2 301 419 148 123 -1 -1 -1 -1 
198 3 941 115 49 119 -1 -1 -1 -1 
198 4 575 184 127 78 -1 -1 -1 -1 
198 5 941 469 207 75 -1 -1 -1 -1 
198 6 691 437 193 73 -1 -1 -1 -1 
199 1 889 173 68 128 -1 -1 -1 -1 
199 2 304 419 145 123 -1 -1 -1 -1 
199 3 938 119 51 115 -1 -1 -1 -1 
199 4 575 184 125 80 -1 -1 -1 -1 
199 5 933 464 236 83 -1 -1 -1 -1 
199 6 698 431 188 80 -1 -1 -1 -1 
200 1 882 172 73 130 -1 -1 -1 -1 
200 2 309 419 140 123 -1 -1 -1 -1 
200 3 936 122 54 114 -1 -1 -1 -1 
200 4 575 184 126 78 -1 -1 -1 -1 
200 5 936 464 238 83 -1 -1 -1 -1 
200 6 705 433 183 75 -1 -1 -1 -1 
201 1 872 171 77 132 -1 -1 -1 -1 
201 2 319 418 128 125 -1 -1 -1 -1 
201 3 932 124 58 112 -1 -1 -1 -1 
201 4 575 184 126 78 -1 -1 -1 -1 
201 5 938 462 241 86 -1 -1 -1 -1 
201 6 708 431 181 78 -1 -1 -1 -1 
201 9 1204 492 22 32 -1 -1 -1 -1 
202 1 863 172 77 133 -1 -1 -1 -1 
202 2 327 420 120 121 -1 -1 -1 -1 
202 3 930 132 59 103 -1 -1 -1 -1 
202 4 575 184 126 78 -1 -1 -1 -1 
202 5 938 462 245 86 -1 -1 -1 -1 
202 6 697 427 192 85 -1 -1 -1 -1 
202 9 1214 496 24 34 -1 -1 -1 -1 
203 1 856 171 76 137 -1 -1 -1 -1 
203 2 330 415 118 127 -1 -1 -1 -1 
203 3 927 138 58 97 -1 -1 -1 -1 
203 4 575 184 125 80 -1 -1 -1 -1 
203 5 939 462 241 86 -1 -1 -1 -1 
203 6 709 430 183 79 -1 -1 -1 -1 
203 9 1229 503 23 34 -1 -1 -1 -1 
204 1 849 170 63 139 -1 -1 -1 -1 
204 2 330 413 118 130 -1 -1 -1 -1 
204 3 925 142 56 92 -1 -1 -1 -1 
204 4 575 184 126 78 -1 -1 -1 -1 
204 5 939 464 239 83 -1 -1 -1 -1 
204 6 708 429 183 80 -1 -1 -1 -1 
204 9 1242 511 23 34 -1 -1 -1 -1 
205 1 834 172 63 136 -1 -1 -1 -1 
205 2 331 410 118 132 -1 -1 -1 -1 
205 3 921 146 59 89 -1 -1 -1 -1 
205 4 575 183 126 79 -1 -1 -1 -1 
205 5 939 470 237 77 -1 -1 -1 -1 
205 6 708 427 183 83 -1 -1 -1 -1 
205 9 1255 518 24 35 -1 -1 -1 -1 
206 1 830 172 53 137 -1 -1 -1 -1 
206 2 332 408 117 135 -1 -1 -1 -1 
206 3 919 147 58 89 -1 -1 -1 -1 
206 4 575 182 126 80 -1 -1 -1 -1 
206 5 945 476 222 71 -1 -1 -1 -1 
206 6 708 431 183 79 -1 -1 -1 -1 
206 9 1266 530 13 32 -1 -1 -1 -1 
207 1 820 171 55 137 -1 -1 -1 -1 
207 2 332 407 117 135 -1 -1 -1 -1 
207 3 918 149 56 87 -1 -1 -1 -1 
207 4 575 183 126 79 -1 -1 -1 -1 
207 5 938 483 237 64 -1 -1 -1 -1 
207 6 707 434 179 76 -1 -1 -1 -1 
208 1 813 170 57 138 -1 -1 -1 -1 
208 2 333 406 116 138 -1 -1 -1 -1 
208 3 916 150 56 87 -1 -1 -1 -1 
208 4 575 184 126 78 -1 -1 -1 -1 
208 5 940 485 219 60 -1 -1 -1 -1 
208 6 705 436 182 74 -1 -1 -1 -1 
209 1 802 168 67 139 -1 -1 -1 -1 
209 2 333 405 116 138 -1 -1 -1 -1 
209 3 914 152 55 86 -1 -1 -1 -1 
209 4 575 184 127 78 -1 -1 -1 -1 
209 5 930 486 242 61 -1 -1 -1 -1 
209 6 699 432 185 78 -1 -1 -1 -1 
210 1 791 163 72 144 -1 -1 -1 -1 
210 2 334 405 115 138 -1 -1 -1 -1 
210 3 914 152 54 88 -1 -1 -1 -1 
210 4 575 184 126 78 -1 -1 -1 -1 
210 5 927 486 248 62 -1 -1 -1 -1 
210 6 699 438 189 74 -1 -1 -1 -1 
211 1 776 161 78 148 -1 -1 -1 -1 
211 2 334 404 115 139 -1 -1 -1 -1 
211 3 913 153 53 86 -1 -1 -1 -1 
211 4 575 184 126 78 -1 -1 -1 -1 
211 5 930 487 244 61 -1 -1 -1 -1 
211 6 698 440 186 71 -1 -1 -1 -1 
212 1 764 161 83 148 -1 -1 -1 -1 
212 2 335 403 115 140 -1 -1 -1 -1 
212 3 913 154 53 87 -1 -1 -1 -1 
212 4 575 185 126 78 -1 -1 -1 -1 
212 5 940 486 219 58 -1 -1 -1 -1 
212 6 694 443 187 67 -1 -1 -1 -1 
213 1 758 164 75 145 -1 -1 -1 -1 
213 2 335 402 116 141 -1 -1 -1 -1 
213 3 912 156 53 84 -1 -1 -1 -1 
213 4 575 184 126 78 -1 -1 -1 -1 
213 5 939 485 217 59 -1 -1 -1 -1 
213 6 689 447 189 62 -1 -1 -1 -1 
214 1 752 166 66 143 -1 -1 -1 -1 
214 2 335 402 116 141 -1 -1 -1 -1 
214 3 912 157 54 84 -1 -1 -1 -1 
214 4 575 183 126 80 -1 -1 -1 -1 
214 5 933 484 217 59 -1 -1 -1 -1 
214 6 681 449 196 60 -1 -1 -1 -1 
215 1 743 168 59 141 -1 -1 -1 -1 
215 2 335 401 121 142 -1 -1 -1 -1 
215 3 912 158 53 83 -1 -1 -1 -1 
215 4 575 185 125 78 -1 -1 -1 -1 
215 5 929 481 214 62 -1 -1 -1 -1 
215 6 681 448 194 61 -1 -1 -1 -1 
216 1 735 169 57 140 -1 -1 -1 -1 
216 2 334 400 125 143 -1 -1 -1 -1 
216 3 912 159 53 82 -1 -1 -1 -1 
216 4 575 184 125 79 -1 -1 -1 -1 
216 5 926 478 215 64 -1 -1 -1 -1 
216 6 687 448 189 61 -1 -1 -1 -1 
217 1 725 170 62 138 -1 -1 -1 -1 
217 2 333 399 130 143 -1 -1 -1 -1 
217 3 912 162 53 81 -1 -1 -1 -1 
217 4 575 184 125 78 -1 -1 -1 -1 
217 5 927 474 207 68 -1 -1 -1 -1 
217 6 681 448 191 61 -1 -1 -1 -1 
218 1 716 169 64 142 -1 -1 -1 -1 
218 2 332 398 133 144 -1 -1 -1 -1 
218 3 911 164 55 80 -1 -1 -1 -1 
218 4 575 184 125 78 -1 -1 -1 -1 
218 5 925 470 203 71 -1 -1 -1 -1 
218 6 678 441 198 68 -1 -1 -1 -1 
219 1 700 168 74 143 -1 -1 -1 -1 
219 2 332 396 134 146 -1 -1 -1 -1 
219 3 912 165 55 79 -1 -1 -1 -1 
219 4 575 184 125 78 -1 -1 -1 -1 
219 5 924 469 199 72 -1 -1 -1 -1 
219 6 679 441 196 68 -1 -1 -1 -1 
220 1 686 169 80 142 -1 -1 -1 -1 
220 2 331 395 135 147 -1 -1 -1 -1 
220 3 911 166 56 82 -1 -1 -1 -1 
220 4 576 184 116 77 -1 -1 -1 -1 
220 5 930 466 190 75 -1 -1 -1 -1 
220 6 680 440 193 69 -1 -1 -1 -1 
221 1 675 171 78 138 -1 -1 -1 -1 
221 2 331 393 135 149 -1 -1 -1 -1 
221 3 911 169 57 78 -1 -1 -1 -1 
221 4 576 184 111 77 -1 -1 -1 -1 
221 5 932 462 186 78 -1 -1 -1 -1 
221 6 680 439 192 70 -1 -1 -1 -1 
222 1 672 174 70 135 -1 -1 -1 -1 
222 2 330 391 136 151 -1 -1 -1 -1 
222 3 911 171 58 78 -1 -1 -1 -1 
222 4 575 184 108 78 -1 -1 -1 -1 
222 5 936 461 186 78 -1 -1 -1 -1 
222 6 681 439 189 70 -1 -1 -1 -1 
223 1 672 173 60 138 -1 -1 -1 -1 
223 2 330 387 136 155 -1 -1 -1 -1 
223 3 911 173 58 75 -1 -1 -1 -1 
223 4 577 185 102 76 -1 -1 -1 -1 
223 5 936 459 186 81 -1 -1 -1 -1 
223 6 680 443 186 66 -1 -1 -1 -1 
224 1 660 173 65 138 -1 -1 -1 -1 
224 2 328 386 137 156 -1 -1 -1 -1 
224 3 911 176 58 73 -1 -1 -1 -1 
224 4 577 185 102 76 -1 -1 -1 -1 
224 5 934 457 189 83 -1 -1 -1 -1 
225 1 649 173 64 139 -1 -1 -1 -1 
225 2 328 383 137 159 -1 -1 -1 -1 
225 3 911 179 59 69 -1 -1 -1 -1 
225 5 934 451 187 89 -1 -1 -1 -1 
225 6 681 442 180 68 -1 -1 -1 -1 
226 1 643 172 64 137 -1 -1 -1 -1 
226 2 327 378 138 165 -1 -1 -1 -1 
226 3 911 180 59 68 -1 -1 -1 -1 
226 5 939 449 184 92 -1 -1 -1 -1 
226 6 683 441 173 69 -1 -1 -1 -1 
227 1 636 170 66 139 -1 -1 -1 -1 
227 2 328 373 136 169 -1 -1 -1 -1 
227 3 911 181 62 66 -1 -1 -1 -1 
227 5 942 446 179 95 -1 -1 -1 -1 
227 6 687 440 167 71 -1 -1 -1 -1 
228 1 619 168 77 141 -1 -1 -1 -1 
228 2 329 369 134 172 -1 -1 -1 -1 
228 3 911 181 62 66 -1 -1 -1 -1 
228 5 943 444 173 98 -1 -1 -1 -1 
228 6 688 439 162 72 -1 -1 -1 -1 
229 1 612 161 80 147 -1 -1 -1 -1 
229 2 332 367 132 174 -1 -1 -1 -1 
229 3 910 182 64 66 -1 -1 -1 -1 
229 5 951 440 151 102 -1 -1 -1 -1 
229 6 693 438 154 73 -1 -1 -1 -1 
230 1 597 163 94 141 -1 -1 -1 -1 
230 2 335 362 131 178 -1 -1 -1 -1 
230 3 909 182 65 65 -1 -1 -1 -1 
230 5 954 438 144 104 -1 -1 -1 -1 
230 6 691 437 155 74 -1 -1 -1 -1 
231 1 597 165 80 137 -1 -1 -1 -1 
231 2 342 358 126 181 -1 -1 -1 -1 
231 3 909 182 65 66 -1 -1 -1 -1 
231 5 956 436 142 107 -1 -1 -1 -1 
231 6 691 435 151 76 -1 -1 -1 -1 
232 1 595 164 76 138 -1 -1 -1 -1 
232 2 350 353 119 187 -1 -1 -1 -1 
232 3 910 182 63 67 -1 -1 -1 -1 
232 5 956 433 144 111 -1 -1 -1 -1 
232 6 691 434 152 77 -1 -1 -1 -1 
233 1 597 162 62 139 -1 -1 -1 -1 
233 2 356 350 114 190 -1 -1 -1 -1 
233 3 909 183 65 65 -1 -1 -1 -1 
233 5 954 432 147 112 -1 -1 -1 -1 
233 6 690 434 152 78 -1 -1 -1 -1 
234 1 594 163 55 137 -1 -1 -1 -1 
234 2 366 346 104 193 -1 -1 -1 -1 
234 3 909 183 64 65 -1 -1 -1 -1 
234 5 953 431 148 113 -1 -1 -1 -1 
234 6 689 435 152 77 -1 -1 -1 -1 
235 1 586 162 59 138 -1 -1 -1 -1 
235 2 377 343 93 196 -1 -1 -1 -1 
235 3 909 184 63 64 -1 -1 -1 -1 
235 5 951 431 149 113 -1 -1 -1 -1 
235 6 688 434 152 79 -1 -1 -1 -1 
236 1 588 158 56 138 -1 -1 -1 -1 
236 2 384 342 87 198 -1 -1 -1 -1 
236 3 909 185 63 64 -1 -1 -1 -1 
236 5 944 433 153 111 -1 -1 -1 -1 
236 6 687 433 151 82 -1 -1 -1 -1 
237 1 579 154 60 144 -1 -1 -1 -1 
237 2 392 340 79 202 -1 -1 -1 -1 
237 3 908 185 64 64 -1 -1 -1 -1 
237 5 941 433 156 110 -1 -1 -1 -1 
237 6 686 434 152 81 -1 -1 -1 -1 
238 1 575 150 59 150 -1 -1 -1 -1 
238 2 405 338 70 203 -1 -1 -1 -1 
238 3 907 185 64 64 -1 -1 -1 -1 
238 5 943 431 154 111 -1 -1 -1 -1 
238 6 685 433 153 82 -1 -1 -1 -1 
239 1 569 147 61 150 -1 -1 -1 -1 
239 2 414 337 64 207 -1 -1 -1 -1 
239 3 905 185 66 64 -1 -1 -1 -1 
239 5 941 432 156 110 -1 -1 -1 -1 
239 6 685 432 153 83 -1 -1 -1 -1 
240 1 562 148 59 147 -1 -1 -1 -1 
240 2 417 336 60 208 -1 -1 -1 -1 
240 3 899 185 72 63 -1 -1 -1 -1 
240 5 940 433 157 109 -1 -1 -1 -1 
240 6 685 433 154 82 -1 -1 -1 -1 
241 1 558 148 57 148 -1 -1 -1 -1 
241 2 418 336 60 207 -1 -1 -1 -1 
241 3 895 185 74 63 -1 -1 -1 -1 
241 5 940 433 157 108 -1 -1 -1 -1 
241 6 685 433 153 82 -1 -1 -1 -1 
242 1 553 150 57 144 -1 -1 -1 -1 
242 2 419 335 65 208 -1 -1 -1 -1 
242 3 891 184 78 64 -1 -1 -1 -1 
242 5 939 432 158 109 -1 -1 -1 -1 
242 6 684 434 155 82 -1 -1 -1 -1 
243 1 549 151 60 141 -1 -1 -1 -1 
243 2 419 336 74 206 -1 -1 -1 -1 
243 3 887 184 81 64 -1 -1 -1 -1 
243 5 939 432 159 109 -1 -1 -1 -1 
243 6 684 434 155 82 -1 -1 -1 -1 
244 1 548 153 60 135 -1 -1 -1 -1 
244 2 419 337 83 206 -1 -1 -1 -1 
244 3 884 185 84 63 -1 -1 -1 -1 
244 5 939 432 159 108 -1 -1 -1 -1 
244 6 684 435 155 80 -1 -1 -1 -1 
245 1 544 154 59 134 -1 -1 -1 -1 
245 2 419 337 91 206 -1 -1 -1 -1 
245 3 881 184 86 64 -1 -1 -1 -1 
245 5 940 431 159 109 -1 -1 -1 -1 
245 6 684 434 156 81 -1 -1 -1 -1 
246 1 541 153 59 133 -1 -1 -1 -1 
246 2 420 336 95 207 -1 -1 -1 -1 
246 3 882 184 84 64 -1 -1 -1 -1 
246 5 937 430 161 111 -1 -1 -1 -1 
246 6 686 430 156 85 -1 -1 -1 -1 
247 1 538 151 62 134 -1 -1 -1 -1 
247 2 420 338 98 207 -1 -1 -1 -1 
247 3 881 184 84 64 -1 -1 -1 -1 
247 4 596 182 109 81 -1 -1 -1 -1 
247 5 936 429 161 112 -1 -1 -1 -1 
247 6 685 431 153 83 -1 -1 -1 -1 
248 1 538 150 60 134 -1 -1 -1 -1 
248 2 422 339 96 206 -1 -1 -1 -1 
248 3 882 184 82 65 -1 -1 -1 -1 
248 4 595 183 110 79 -1 -1 -1 -1 
248 5 935 426 163 114 -1 -1 -1 -1 
248 6 688 429 148 85 -1 -1 -1 -1 
249 1 540 147 56 136 -1 -1 -1 -1 
249 2 423 339 98 207 -1 -1 -1 -1 
249 3 882 183 80 66 -1 -1 -1 -1 
249 4 595 183 109 79 -1 -1 -1 -1 
249 5 935 425 161 114 -1 -1 -1 -1 
249 6 694 424 140 91 -1 -1 -1 -1 
250 1 538 145 54 137 -1 -1 -1 -1 
250 2 426 340 95 206 -1 -1 -1 -1 
250 3 882 183 79 66 -1 -1 -1 -1 
250 4 597 184 108 78 -1 -1 -1 -1 
250 5 941 423 153 113 -1 -1 -1 -1 
250 6 698 421 131 94 -1 -1 -1 -1 
251 1 539 148 50 134 -1 -1 -1 -1 
251 2 428 339 95 207 -1 -1 -1 -1 
251 3 882 182 78 68 -1 -1 -1 -1 
251 4 597 184 108 78 -1 -1 -1 -1 
251 5 942 420 152 116 -1 -1 -1 -1 
252 1 538 147 50 134 -1 -1 -1 -1 
252 2 432 338 90 209 -1 -1 -1 -1 
252 3 882 181 77 67 -1 -1 -1 -1 
252 4 593 186 110 76 -1 -1 -1 -1 
252 5 945 420 149 115 -1 -1 -1 -1 
252 6 698 417 118 98 -1 -1 -1 -1 
253 1 537 146 51 132 -1 -1 -1 -1 
253 2 437 338 86 209 -1 -1 -1 -1 
253 3 881 181 77 67 -1 -1 -1 -1 
253 4 586 186 114 76 -1 -1 -1 -1 
253 5 950 419 146 117 -1 -1 -1 -1 
253 6 698 415 111 100 -1 -1 -1 -1 
254 1 536 146 50 132 -1 -1 -1 -1 
254 2 444 337 80 210 -1 -1 -1 -1 
254 3 881 181 77 67 -1 -1 -1 -1 
254 4 584 187 115 75 -1 -1 -1 -1 
254 5 960 418 136 117 -1 -1 -1 -1 
254 6 698 416 103 100 -1 -1 -1 -1 
255 1 533 145 52 131 -1 -1 -1 -1 
255 2 450 336 77 211 -1 -1 -1 -1 
255 3 881 180 78 68 -1 -1 -1 -1 
255 4 583 188 117 76 -1 -1 -1 -1 
255 5 974 418 121 118 -1 -1 -1 -1 
255 6 698 414 98 101 -1 -1 -1 -1 
256 1 530 144 54 131 -1 -1 -1 -1 
256 2 459 336 67 211 -1 -1 -1 -1 
256 3 880 180 78 68 -1 -1 -1 -1 
256 4 582 188 118 76 -1 -1 -1 -1 
256 5 985 415 111 122 -1 -1 -1 -1 
256 6 698 413 96 102 -1 -1 -1 -1 
257 1 526 142 57 132 -1 -1 -1 -1 
257 2 467 336 60 211 -1 -1 -1 -1 
257 3 880 179 78 69 -1 -1 -1 -1 
257 4 579 188 120 74 -1 -1 -1 -1 
257 5 994 413 103 126 -1 -1 -1 -1 
257 6 697 412 96 103 -1 -1 -1 -1 
258 1 525 140 57 134 -1 -1 -1 -1 
258 2 477 336 51 211 -1 -1 -1 -1 
258 3 880 179 78 69 -1 -1 -1 -1 
258 4 577 188 123 75 -1 -1 -1 -1 
258 5 1001 414 98 125 -1 -1 -1 -1 
258 6 697 412 94 104 -1 -1 -1 -1 
259 1 518 139 65 137 -1 -1 -1 -1 
259 2 481 335 50 215 -1 -1 -1 -1 
259 3 880 177 78 71 -1 -1 -1 -1 
259 4 576 188 124 75 -1 -1 -1 -1 
259 5 1003 415 97 126 -1 -1 -1 -1 
259 6 698 411 94 106 -1 -1 -1 -1 
260 1 516 138 66 137 -1 -1 -1 -1 
260 2 485 335 48 215 -1 -1 -1 -1 
260 3 880 177 77 71 -1 -1 -1 -1 
260 4 575 188 125 74 -1 -1 -1 -1 
260 5 1002 414 100 125 -1 -1 -1 -1 
260 6 698 411 93 106 -1 -1 -1 -1 
261 1 515 138 65 136 -1 -1 -1 -1 
261 2 487 337 50 215 -1 -1 -1 -1 
261 3 881 175 75 72 -1 -1 -1 -1 
261 4 575 188 125 75 -1 -1 -1 -1 
261 5 1002 414 100 128 -1 -1 -1 -1 
261 6 698 411 92 106 -1 -1 -1 -1 
262 1 514 138 63 134 -1 -1 -1 -1 
262 2 489 335 53 218 -1 -1 -1 -1 
262 3 881 174 73 73 -1 -1 -1 -1 
262 4 574 188 125 75 -1 -1 -1 -1 
262 5 1002 413 100 129 -1 -1 -1 -1 
262 6 698 411 91 106 -1 -1 -1 -1 
263 1 515 137 59 132 -1 -1 -1 -1 
263 2 492 338 56 215 -1 -1 -1 -1 
263 3 881 173 71 74 -1 -1 -1 -1 
263 4 573 188 126 74 -1 -1 -1 -1 
263 5 1004 412 99 131 -1 -1 -1 -1 
263 6 697 410 90 107 -1 -1 -1 -1 
264 1 515 136 60 130 -1 -1 -1 -1 
264 2 493 340 63 212 -1 -1 -1 -1 
264 3 881 172 68 75 -1 -1 -1 -1 
264 4 572 188 127 74 -1 -1 -1 -1 
264 5 1005 411 98 132 -1 -1 -1 -1 
264 6 697 410 88 106 -1 -1 -1 -1 
265 1 516 134 51 131 -1 -1 -1 -1 
265 2 494 341 65 212 -1 -1 -1 -1 
265 3 882 171 65 76 -1 -1 -1 -1 
265 4 571 188 128 74 -1 -1 -1 -1 
265 5 1008 409 96 136 -1 -1 -1 -1 
265 6 696 410 88 106 -1 -1 -1 -1 
266 1 516 133 47 131 -1 -1 -1 -1 
266 2 495 341 69 215 -1 -1 -1 -1 
266 3 882 171 62 76 -1 -1 -1 -1 
266 4 571 188 128 74 -1 -1 -1 -1 
266 5 1011 408 94 137 -1 -1 -1 -1 
266 6 695 410 88 106 -1 -1 -1 -1 
267 1 516 131 44 132 -1 -1 -1 -1 
267 2 495 342 73 215 -1 -1 -1 -1 
267 3 883 171 57 76 -1 -1 -1 -1 
267 4 570 188 129 74 -1 -1 -1 -1 
267 5 1012 402 94 143 -1 -1 -1 -1 
267 6 694 410 88 106 -1 -1 -1 -1 
268 1 516 129 40 134 -1 -1 -1 -1 
268 2 496 342 75 216 -1 -1 -1 -1 
268 3 883 171 54 76 -1 -1 -1 -1 
268 4 569 187 130 75 -1 -1 -1 -1 
268 5 1013 396 93 149 -1 -1 -1 -1 
268 6 692 412 90 103 -1 -1 -1 -1 
269 1 515 129 39 134 -1 -1 -1 -1 
269 2 496 342 77 217 -1 -1 -1 -1 
269 3 884 170 51 77 -1 -1 -1 -1 
269 4 568 187 131 75 -1 -1 -1 -1 
269 5 1012 392 94 153 -1 -1 -1 -1 
269 6 690 413 91 103 -1 -1 -1 -1 
270 1 513 129 41 134 -1 -1 -1 -1 
270 2 499 342 75 217 -1 -1 -1 -1 
270 3 883 170 49 77 -1 -1 -1 -1 
270 4 568 187 132 75 -1 -1 -1 -1 
270 5 1012 385 98 159 -1 -1 -1 -1 
270 6 688 416 91 100 -1 -1 -1 -1 
271 1 512 128 40 132 -1 -1 -1 -1 
271 2 504 342 71 218 -1 -1 -1 -1 
271 3 882 169 49 79 -1 -1 -1 -1 
271 4 568 186 132 76 -1 -1 -1 -1 
271 5 1013 379 103 165 -1 -1 -1 -1 
271 6 685 417 93 99 -1 -1 -1 -1 
272 1 512 128 46 131 -1 -1 -1 -1 
272 2 507 345 68 213 -1 -1 -1 -1 
272 3 882 168 48 80 -1 -1 -1 -1 
272 4 568 185 132 77 -1 -1 -1 -1 
272 5 1014 372 99 172 -1 -1 -1 -1 
272 6 683 421 94 95 -1 -1 -1 -1 
273 1 511 126 47 131 -1 -1 -1 -1 
273 2 513 344 64 215 -1 -1 -1 -1 
273 3 882 169 47 79 -1 -1 -1 -1 
273 4 568 185 132 77 -1 -1 -1 -1 
273 5 1018 365 100 182 -1 -1 -1 -1 
273 6 681 424 97 91 -1 -1 -1 -1 
274 1 510 126 45 129 -1 -1 -1 -1 
274 2 519 345 61 215 -1 -1 -1 -1 
274 3 882 168 46 79 -1 -1 -1 -1 
274 4 569 183 132 79 -1 -1 -1 -1 
274 5 1022 362 93 183 -1 -1 -1 -1 
274 6 679 424 98 91 -1 -1 -1 -1 
275 1 508 125 43 130 -1 -1 -1 -1 
275 2 528 345 53 215 -1 -1 -1 -1 
275 3 882 168 46 79 -1 -1 -1 -1 
275 4 569 183 132 79 -1 -1 -1 -1 
275 5 1023 357 92 190 -1 -1 -1 -1 
275 6 677 423 100 92 -1 -1 -1 -1 
276 1 506 124 42 130 -1 -1 -1 -1 
276 2 533 345 51 215 -1 -1 -1 -1 
276 3 881 168 47 79 -1 -1 -1 -1 
276 4 569 182 132 80 -1 -1 -1 -1 
276 5 1028 354 88 190 -1 -1 -1 -1 
276 6 674 422 103 93 -1 -1 -1 -1 
277 1 502 123 43 130 -1 -1 -1 -1 
277 2 535 344 56 215 -1 -1 -1 -1 
277 3 881 167 47 80 -1 -1 -1 -1 
277 4 569 182 132 80 -1 -1 -1 -1 
277 5 1031 351 88 194 -1 -1 -1 -1 
277 6 672 420 104 95 -1 -1 -1 -1 
278 1 496 122 47 132 -1 -1 -1 -1 
278 2 539 341 56 218 -1 -1 -1 -1 
278 3 881 168 46 79 -1 -1 -1 -1 
278 4 569 181 132 81 -1 -1 -1 -1 
278 5 1032 348 88 197 -1 -1 -1 -1 
278 6 669 421 106 94 -1 -1 -1 -1 
279 1 493 121 48 133 -1 -1 -1 -1 
279 2 542 341 58 219 -1 -1 -1 -1 
279 3 881 168 46 79 -1 -1 -1 -1 
279 4 569 181 132 80 -1 -1 -1 -1 
279 5 1032 347 91 197 -1 -1 -1 -1 
279 6 666 418 108 97 -1 -1 -1 -1 
280 1 489 121 53 133 -1 -1 -1 -1 
280 2 544 344 65 215 -1 -1 -1 -1 
280 3 881 168 46 79 -1 -1 -1 -1 
280 4 569 180 132 81 -1 -1 -1 -1 
280 5 1032 344 92 200 -1 -1 -1 -1 
280 6 660 417 112 97 -1 -1 -1 -1 
281 1 485 119 61 134 -1 -1 -1 -1 
281 2 546 343 74 218 -1 -1 -1 -1 
281 3 880 169 46 78 -1 -1 -1 -1 
281 4 569 180 132 80 -1 -1 -1 -1 
281 5 1033 343 91 202 -1 -1 -1 -1 
281 6 658 416 114 98 -1 -1 -1 -1 
282 1 484 120 60 132 -1 -1 -1 -1 
282 2 547 347 81 211 -1 -1 -1 -1 
282 3 879 169 47 78 -1 -1 -1 -1 
282 4 569 180 132 80 -1 -1 -1 -1 
282 5 1033 343 93 202 -1 -1 -1 -1 
282 6 658 416 113 98 -1 -1 -1 -1 
283 1 482 121 62 130 -1 -1 -1 -1 
283 2 547 349 86 209 -1 -1 -1 -1 
283 3 879 169 47 78 -1 -1 -1 -1 
283 4 569 179 133 80 -1 -1 -1 -1 
283 5 1034 341 92 205 -1 -1 -1 -1 
283 6 655 415 117 99 -1 -1 -1 -1 
284 1 482 121 61 128 -1 -1 -1 -1 
284 2 548 349 89 210 -1 -1 -1 -1 
284 3 877 169 48 78 -1 -1 -1 -1 
284 4 568 179 133 80 -1 -1 -1 -1 
284 5 1033 341 94 204 -1 -1 -1 -1 
284 6 654 415 117 99 -1 -1 -1 -1 
285 1 481 120 61 130 -1 -1 -1 -1 
285 2 548 350 90 210 -1 -1 -1 -1 
285 3 875 170 50 77 -1 -1 -1 -1 
285 4 568 179 133 79 -1 -1 -1 -1 
285 5 1034 340 94 205 -1 -1 -1 -1 
285 6 653 415 121 99 -1 -1 -1 -1 
286 1 481 119 59 129 -1 -1 -1 -1 
286 2 549 351 91 210 -1 -1 -1 -1 
286 3 872 170 53 77 -1 -1 -1 -1 
286 4 568 178 133 81 -1 -1 -1 -1 
286 5 1034 339 95 206 -1 -1 -1 -1 
286 6 654 411 122 101 -1 -1 -1 -1 
287 1 487 118 50 129 -1 -1 -1 -1 
287 2 551 351 91 210 -1 -1 -1 -1 
287 3 870 171 55 76 -1 -1 -1 -1 
287 4 567 178 134 81 -1 -1 -1 -1 
287 5 1034 339 95 206 -1 -1 -1 -1 
287 6 654 411 121 101 -1 -1 -1 -1 
288 1 492 117 43 127 -1 -1 -1 -1 
288 2 553 350 91 212 -1 -1 -1 -1 
288 3 868 171 57 76 -1 -1 -1 -1 
288 4 567 178 135 82 -1 -1 -1 -1 
288 5 1034 338 95 207 -1 -1 -1 -1 
288 6 653 410 120 103 -1 -1 -1 -1 
289 1 497 113 36 130 -1 -1 -1 -1 
289 2 556 350 89 212 -1 -1 -1 -1 
289 3 866 172 58 75 -1 -1 -1 -1 
289 4 567 179 135 81 -1 -1 -1 -1 
289 5 1035 338 94 206 -1 -1 -1 -1 
289 6 651 409 117 104 -1 -1 -1 -1 
290 1 495 112 37 130 -1 -1 -1 -1 
290 2 562 349 83 213 -1 -1 -1 -1 
290 3 865 173 59 74 -1 -1 -1 -1 
290 4 566 179 136 81 -1 -1 -1 -1 
290 5 1035 338 92 207 -1 -1 -1 -1 
290 6 651 410 111 103 -1 -1 -1 -1 
291 1 494 110 36 133 -1 -1 -1 -1 
291 2 568 349 79 216 -1 -1 -1 -1 
291 3 864 174 59 73 -1 -1 -1 -1 
291 4 566 179 136 81 -1 -1 -1 -1 
291 5 1036 338 91 206 -1 -1 -1 -1 
291 6 650 413 104 100 -1 -1 -1 -1 
292 1 493 110 36 133 -1 -1 -1 -1 
292 2 575 349 71 213 -1 -1 -1 -1 
292 3 862 175 59 72 -1 -1 -1 -1 
292 4 564 179 138 81 -1 -1 -1 -1 
292 5 1036 338 90 207 -1 -1 -1 -1 
292 6 649 415 97 98 -1 -1 -1 -1 
293 1 492 111 37 131 -1 -1 -1 -1 
293 2 583 349 63 213 -1 -1 -1 -1 
293 3 862 175 57 72 -1 -1 -1 -1 
293 4 565 179 136 81 -1 -1 -1 -1 
293 5 1038 338 89 207 -1 -1 -1 -1 
293 6 648 414 96 99 -1 -1 -1 -1 
294 1 491 112 39 128 -1 -1 -1 -1 
294 2 590 349 57 210 -1 -1 -1 -1 
294 3 861 175 55 73 -1 -1 -1 -1 
294 4 565 179 136 81 -1 -1 -1 -1 
294 5 1039 337 88 207 -1 -1 -1 -1 
294 6 649 412 94 101 -1 -1 -1 -1 
295 1 490 112 41 128 -1 -1 -1 -1 
295 2 597 350 53 208 -1 -1 -1 -1 
295 3 860 175 54 73 -1 -1 -1 -1 
295 4 565 179 136 81 -1 -1 -1 -1 
295 5 1040 336 87 207 -1 -1 -1 -1 
295 6 650 412 91 101 -1 -1 -1 -1 
296 1 489 112 43 127 -1 -1 -1 -1 
296 2 602 349 51 211 -1 -1 -1 -1 
296 3 860 176 51 72 -1 -1 -1 -1 
296 4 564 179 137 80 -1 -1 -1 -1 
296 5 1041 336 87 206 -1 -1 -1 -1 
296 6 653 412 88 101 -1 -1 -1 -1 
297 1 489 112 42 126 -1 -1 -1 -1 
297 2 606 349 50 213 -1 -1 -1 -1 
297 3 859 176 49 72 -1 -1 -1 -1 
297 4 563 179 138 80 -1 -1 -1 -1 
297 5 1042 336 88 203 -1 -1 -1 -1 
297 6 656 411 83 101 -1 -1 -1 -1 
298 1 488 111 44 127 -1 -1 -1 -1 
298 2 611 348 51 218 -1 -1 -1 -1 
298 3 859 178 48 69 -1 -1 -1 -1 
298 4 564 179 137 80 -1 -1 -1 -1 
298 5 1042 335 89 204 -1 -1 -1 -1 
298 6 658 410 80 103 -1 -1 -1 -1 
299 1 486 111 45 126 -1 -1 -1 -1 
299 2 614 349 52 219 -1 -1 -1 -1 
299 3 859 178 47 69 -1 -1 -1 -1 
299 4 564 179 137 80 -1 -1 -1 -1 
299 5 1043 334 89 205 -1 -1 -1 -1 
299 6 659 408 79 104 -1 -1 -1 -1 
300 1 485 111 46 125 -1 -1 -1 -1 
300 2 616 351 60 216 -1 -1 -1 -1 
300 3 858 179 47 68 -1 -1 -1 -1 
300 4 564 179 137 80 -1 -1 -1 -1 
300 5 1043 334 91 204 -1 -1 -1 -1 
301 1 484 109 46 128 -1 -1 -1 -1 
301 2 619 353 63 212 -1 -1 -1 -1 
301 3 857 179 48 68 -1 -1 -1 -1 
301 4 564 178 136 81 -1 -1 -1 -1 
301 5 1044 334 92 203 -1 -1 -1 -1 
302 1 482 108 47 127 -1 -1 -1 -1 
302 2 620 354 71 212 -1 -1 -1 -1 
302 3 856 179 49 70 -1 -1 -1 -1 
302 4 564 178 136 81 -1 -1 -1 -1 
302 5 1044 334 94 203 -1 -1 -1 -1 
303 1 480 107 51 126 -1 -1 -1 -1 
303 2 622 353 71 212 -1 -1 -1 -1 
303 3 856 180 48 67 -1 -1 -1 -1 
303 4 563 178 137 81 -1 -1 -1 -1 
303 5 1044 334 96 203 -1 -1 -1 -1 
304 1 480 107 50 126 -1 -1 -1 -1 
304 2 622 353 76 212 -1 -1 -1 -1 
304 3 855 180 49 69 -1 -1 -1 -1 
304 4 564 178 136 81 -1 -1 -1 -1 
304 5 1042 332 99 205 -1 -1 -1 -1 
305 1 479 106 51 127 -1 -1 -1 -1 
305 2 623 354 76 211 -1 -1 -1 -1 
305 3 853 180 51 69 -1 -1 -1 -1 
305 4 564 178 136 80 -1 -1 -1 -1 
305 5 1042 331 105 206 -1 -1 -1 -1 
306 1 478 106 52 128 -1 -1 -1 -1 
306 2 624 353 75 212 -1 -1 -1 -1 
306 3 850 180 53 68 -1 -1 -1 -1 
306 4 563 178 137 80 -1 -1 -1 -1 
306 5 1042 331 108 206 -1 -1 -1 -1 
307 1 477 107 53 126 -1 -1 -1 -1 
307 2 625 354 75 211 -1 -1 -1 -1 
307 3 847 182 56 66 -1 -1 -1 -1 
307 4 563 179 137 79 -1 -1 -1 -1 
307 5 1042 332 110 204 -1 -1 -1 -1 
308 1 477 107 53 126 -1 -1 -1 -1 
308 2 625 355 80 212 -1 -1 -1 -1 
308 3 845 181 57 67 -1 -1 -1 -1 
308 4 562 179 138 78 -1 -1 -1 -1 
308 5 1042 332 109 204 -1 -1 -1 -1 
309 1 476 108 54 125 -1 -1 -1 -1 
309 2 628 356 79 210 -1 -1 -1 -1 
309 3 845 182 56 66 -1 -1 -1 -1 
309 4 562 179 137 78 -1 -1 -1 -1 
309 5 1044 331 106 206 -1 -1 -1 -1 
310 1 476 108 54 125 -1 -1 -1 -1 
310 2 631 355 77 211 -1 -1 -1 -1 
310 3 845 181 56 67 -1 -1 -1 -1 
310 4 562 179 137 79 -1 -1 -1 -1 
310 5 1045 331 103 207 -1 -1 -1 -1 
311 1 475 108 54 125 -1 -1 -1 -1 
311 2 634 353 77 213 -1 -1 -1 -1 
311 3 845 181 56 67 -1 -1 -1 -1 
311 4 562 180 137 78 -1 -1 -1 -1 
311 5 1046 329 100 209 -1 -1 -1 -1 
312 1 473 108 55 124 -1 -1 -1 -1 
312 2 641 354 69 212 -1 -1 -1 -1 
312 3 845 181 55 67 -1 -1 -1 -1 
312 4 562 180 137 78 -1 -1 -1 -1 
312 5 1049 329 96 210 -1 -1 -1 -1 
313 1 468 108 60 125 -1 -1 -1 -1 
313 2 647 354 64 211 -1 -1 -1 -1 
313 3 845 181 55 67 -1 -1 -1 -1 
313 4 562 180 137 79 -1 -1 -1 -1 
313 5 1051 329 92 211 -1 -1 -1 -1 
