4 1 500 350 74 140 -1 -1 -1 -1 
4 2 792 175 119 71 -1 -1 -1 -1 
4 3 568 181 148 71 -1 -1 -1 -1 
4 4 341 177 150 68 -1 -1 -1 -1 
4 6 794 417 97 110 -1 -1 -1 -1 
4 7 1032 426 71 133 -1 -1 -1 -1 
5 1 503 348 70 144 -1 -1 -1 -1 
5 2 792 175 118 71 -1 -1 -1 -1 
5 3 572 180 147 72 -1 -1 -1 -1 
5 4 341 177 151 68 -1 -1 -1 -1 
5 6 791 418 99 109 -1 -1 -1 -1 
5 7 1032 426 72 133 -1 -1 -1 -1 
6 1 507 344 68 156 -1 -1 -1 -1 
6 2 792 175 118 71 -1 -1 -1 -1 
6 3 575 180 144 72 -1 -1 -1 -1 
6 4 342 178 150 66 -1 -1 -1 -1 
6 6 784 421 106 106 -1 -1 -1 -1 
6 7 1032 426 72 133 -1 -1 -1 -1 
6 8 699 305 19 28 -1 -1 -1 -1 
7 1 511 340 65 159 -1 -1 -1 -1 
7 2 792 176 118 70 -1 -1 -1 -1 
7 3 581 179 137 74 -1 -1 -1 -1 
7 4 342 178 150 66 -1 -1 -1 -1 
7 6 774 422 105 104 -1 -1 -1 -1 
7 7 1032 427 73 132 -1 -1 -1 -1 
7 8 705 301 19 27 -1 -1 -1 -1 
8 1 511 336 64 163 -1 -1 -1 -1 
8 2 792 176 119 70 -1 -1 -1 -1 
8 3 587 178 132 75 -1 -1 -1 -1 
8 4 342 178 151 66 -1 -1 -1 -1 
8 6 763 420 109 105 -1 -1 -1 -1 
8 7 1032 427 73 132 -1 -1 -1 -1 
8 8 711 297 19 28 -1 -1 -1 -1 
9 1 509 335 66 165 -1 -1 -1 -1 
9 2 791 176 119 70 -1 -1 -1 -1 
9 3 591 177 128 76 -1 -1 -1 -1 
9 4 342 177 153 67 -1 -1 -1 -1 
9 6 753 420 115 105 -1 -1 -1 -1 
9 7 1032 426 73 133 -1 -1 -1 -1 
9 8 718 294 18 27 -1 -1 -1 -1 
10 1 507 333 68 166 -1 -1 -1 -1 
10 2 791 176 119 70 -1 -1 -1 -1 
10 3 591 176 129 77 -1 -1 -1 -1 
10 4 341 177 154 67 -1 -1 -1 -1 
10 6 745 420 122 105 -1 -1 -1 -1 
10 7 1032 426 74 133 -1 -1 -1 -1 
10 8 723 292 19 28 -1 -1 -1 -1 
11 1 503 332 72 167 -1 -1 -1 -1 
11 2 791 176 119 70 -1 -1 -1 -1 
11 3 592 176 128 77 -1 -1 -1 -1 
11 4 342 176 154 68 -1 -1 -1 -1 
11 6 737 420 128 105 -1 -1 -1 -1 
11 7 1031 426 75 132 -1 -1 -1 -1 
11 8 729 291 20 28 -1 -1 -1 -1 
12 1 501 332 74 167 -1 -1 -1 -1 
12 2 791 177 118 69 -1 -1 -1 -1 
12 3 592 175 128 78 -1 -1 -1 -1 
12 4 345 175 152 69 -1 -1 -1 -1 
12 6 731 420 135 105 -1 -1 -1 -1 
12 7 1030 426 77 133 -1 -1 -1 -1 
12 8 734 293 20 28 -1 -1 -1 -1 
13 1 498 331 78 169 -1 -1 -1 -1 
13 2 791 177 118 69 -1 -1 -1 -1 
13 3 592 175 128 78 -1 -1 -1 -1 
13 4 346 175 154 69 -1 -1 -1 -1 
13 6 729 419 137 106 -1 -1 -1 -1 
13 7 1030 426 77 133 -1 -1 -1 -1 
13 8 740 296 18 27 -1 -1 -1 -1 
14 1 495 330 80 170 -1 -1 -1 -1 
14 2 791 176 118 70 -1 -1 -1 -1 
14 3 592 175 128 78 -1 -1 -1 -1 
14 4 351 176 152 68 -1 -1 -1 -1 
14 6 729 418 138 107 -1 -1 -1 -1 
14 7 1029 425 79 135 -1 -1 -1 -1 
14 8 745 297 19 29 -1 -1 -1 -1 
15 1 490 329 86 174 -1 -1 -1 -1 
15 2 791 177 118 69 -1 -1 -1 -1 
15 3 592 175 128 77 -1 -1 -1 -1 
15 4 355 174 146 70 -1 -1 -1 -1 
15 6 728 415 140 109 -1 -1 -1 -1 
15 7 1027 425 82 135 -1 -1 -1 -1 
15 8 751 304 18 26 -1 -1 -1 -1 
16 1 485 328 92 176 -1 -1 -1 -1 
16 2 791 177 118 69 -1 -1 -1 -1 
16 3 592 174 128 78 -1 -1 -1 -1 
16 4 360 173 142 71 -1 -1 -1 -1 
16 6 728 413 139 111 -1 -1 -1 -1 
16 7 1025 426 86 133 -1 -1 -1 -1 
16 8 756 302 19 27 -1 -1 -1 -1 
16 10 415 212 10 24 -1 -1 -1 -1 
17 1 478 326 96 185 -1 -1 -1 -1 
17 2 791 177 117 69 -1 -1 -1 -1 
17 3 594 174 126 78 -1 -1 -1 -1 
17 4 361 173 142 70 -1 -1 -1 -1 
17 6 726 410 141 114 -1 -1 -1 -1 
17 7 1023 427 89 132 -1 -1 -1 -1 
17 8 762 289 18 26 -1 -1 -1 -1 
17 10 416 210 13 24 -1 -1 -1 -1 
18 1 471 325 102 187 -1 -1 -1 -1 
18 2 790 177 119 69 -1 -1 -1 -1 
18 3 597 174 123 78 -1 -1 -1 -1 
18 4 363 173 140 70 -1 -1 -1 -1 
18 6 726 408 140 116 -1 -1 -1 -1 
18 7 1022 427 94 132 -1 -1 -1 -1 
18 8 768 279 17 26 -1 -1 -1 -1 
18 10 416 211 14 24 -1 -1 -1 -1 
19 1 464 326 100 187 -1 -1 -1 -1 
19 2 791 177 117 69 -1 -1 -1 -1 
19 3 598 173 123 79 -1 -1 -1 -1 
19 4 363 172 141 71 -1 -1 -1 -1 
19 6 725 407 141 117 -1 -1 -1 -1 
19 7 1021 429 98 130 -1 -1 -1 -1 
19 8 773 270 17 25 -1 -1 -1 -1 
19 10 416 210 15 24 -1 -1 -1 -1 
20 1 457 326 96 190 -1 -1 -1 -1 
20 2 791 177 118 69 -1 -1 -1 -1 
20 3 599 173 122 79 -1 -1 -1 -1 
20 4 364 174 143 71 -1 -1 -1 -1 
20 6 720 408 145 116 -1 -1 -1 -1 
20 7 1019 429 101 130 -1 -1 -1 -1 
20 8 779 262 17 24 -1 -1 -1 -1 
20 10 417 210 14 24 -1 -1 -1 -1 
21 1 448 326 97 189 -1 -1 -1 -1 
21 2 791 178 118 68 -1 -1 -1 -1 
21 3 598 172 123 80 -1 -1 -1 -1 
21 4 362 172 145 72 -1 -1 -1 -1 
21 6 712 410 154 115 -1 -1 -1 -1 
21 7 1019 430 104 128 -1 -1 -1 -1 
21 8 783 254 17 25 -1 -1 -1 -1 
21 10 418 209 14 24 -1 -1 -1 -1 
22 1 443 325 91 193 -1 -1 -1 -1 
22 2 792 178 117 68 -1 -1 -1 -1 
22 3 598 172 123 79 -1 -1 -1 -1 
22 4 362 173 144 71 -1 -1 -1 -1 
22 6 701 413 167 112 -1 -1 -1 -1 
22 7 1018 431 105 127 -1 -1 -1 -1 
22 8 789 249 16 26 -1 -1 -1 -1 
22 10 419 209 15 25 -1 -1 -1 -1 
23 1 436 325 88 194 -1 -1 -1 -1 
23 2 792 178 116 68 -1 -1 -1 -1 
23 3 598 171 124 80 -1 -1 -1 -1 
23 4 362 171 146 72 -1 -1 -1 -1 
23 6 690 414 176 110 -1 -1 -1 -1 
23 7 1017 431 106 127 -1 -1 -1 -1 
23 8 794 244 17 24 -1 -1 -1 -1 
23 10 420 209 15 24 -1 -1 -1 -1 
24 1 434 326 84 195 -1 -1 -1 -1 
24 2 793 178 115 69 -1 -1 -1 -1 
24 3 598 171 126 79 -1 -1 -1 -1 
24 4 366 171 139 70 -1 -1 -1 -1 
24 6 692 418 177 106 -1 -1 -1 -1 
24 7 1017 431 106 127 -1 -1 -1 -1 
24 8 799 240 15 24 -1 -1 -1 -1 
24 10 422 210 14 24 -1 -1 -1 -1 
25 1 433 326 79 197 -1 -1 -1 -1 
25 2 792 178 116 69 -1 -1 -1 -1 
25 3 599 172 131 77 -1 -1 -1 -1 
25 4 364 172 143 70 -1 -1 -1 -1 
25 6 694 423 177 101 -1 -1 -1 -1 
25 7 1017 431 106 128 -1 -1 -1 -1 
25 8 804 238 15 24 -1 -1 -1 -1 
26 1 432 328 78 200 -1 -1 -1 -1 
26 2 792 177 115 70 -1 -1 -1 -1 
26 3 598 172 140 77 -1 -1 -1 -1 
26 4 364 172 144 69 -1 -1 -1 -1 
26 6 686 423 185 100 -1 -1 -1 -1 
26 7 1017 431 106 128 -1 -1 -1 -1 
26 8 808 236 16 26 -1 -1 -1 -1 
27 1 430 328 81 202 -1 -1 -1 -1 
27 2 788 175 116 71 -1 -1 -1 -1 
27 3 600 172 146 78 -1 -1 -1 -1 
27 4 363 173 146 69 -1 -1 -1 -1 
27 6 686 423 185 100 -1 -1 -1 -1 
27 7 1017 432 106 126 -1 -1 -1 -1 
27 8 812 237 16 26 -1 -1 -1 -1 
28 1 427 327 79 203 -1 -1 -1 -1 
28 2 785 174 115 72 -1 -1 -1 -1 
28 3 599 174 155 76 -1 -1 -1 -1 
28 4 363 173 143 70 -1 -1 -1 -1 
28 6 698 425 172 97 -1 -1 -1 -1 
28 7 1017 432 106 127 -1 -1 -1 -1 
28 8 817 236 15 25 -1 -1 -1 -1 
29 1 423 330 78 204 -1 -1 -1 -1 
29 2 782 173 116 74 -1 -1 -1 -1 
29 3 600 175 163 75 -1 -1 -1 -1 
29 4 364 172 137 71 -1 -1 -1 -1 
29 6 697 427 172 95 -1 -1 -1 -1 
29 7 1016 432 107 127 -1 -1 -1 -1 
29 8 822 237 16 26 -1 -1 -1 -1 
30 1 418 331 74 203 -1 -1 -1 -1 
30 2 782 173 113 74 -1 -1 -1 -1 
30 3 598 177 158 73 -1 -1 -1 -1 
30 4 364 172 133 71 -1 -1 -1 -1 
30 6 688 423 182 98 -1 -1 -1 -1 
30 7 1017 432 106 126 -1 -1 -1 -1 
30 8 826 229 16 26 -1 -1 -1 -1 
31 1 410 333 74 206 -1 -1 -1 -1 
31 2 783 174 119 68 -1 -1 -1 -1 
31 3 604 180 169 69 -1 -1 -1 -1 
31 4 362 171 133 72 -1 -1 -1 -1 
31 6 675 424 191 98 -1 -1 -1 -1 
31 7 1018 432 105 127 -1 -1 -1 -1 
31 8 831 220 15 25 -1 -1 -1 -1 
32 1 403 334 74 204 -1 -1 -1 -1 
32 2 783 173 128 68 -1 -1 -1 -1 
32 3 608 182 168 67 -1 -1 -1 -1 
32 4 362 170 130 73 -1 -1 -1 -1 
32 6 665 421 198 101 -1 -1 -1 -1 
32 7 1018 432 105 126 -1 -1 -1 -1 
32 8 837 214 15 25 -1 -1 -1 -1 
33 1 394 334 78 202 -1 -1 -1 -1 
33 2 783 173 134 68 -1 -1 -1 -1 
33 3 609 184 170 65 -1 -1 -1 -1 
33 4 361 170 125 73 -1 -1 -1 -1 
33 6 661 417 195 106 -1 -1 -1 -1 
33 7 1019 432 105 126 -1 -1 -1 -1 
33 8 839 209 15 24 -1 -1 -1 -1 
33 10 693 208 16 28 -1 -1 -1 -1 
34 1 386 336 83 201 -1 -1 -1 -1 
34 2 784 173 135 67 -1 -1 -1 -1 
34 3 607 188 172 61 -1 -1 -1 -1 
34 4 361 171 118 72 -1 -1 -1 -1 
34 6 658 409 194 111 -1 -1 -1 -1 
34 7 1019 433 105 125 -1 -1 -1 -1 
34 8 846 202 15 26 -1 -1 -1 -1 
34 10 698 210 17 27 -1 -1 -1 -1 
35 1 381 336 85 201 -1 -1 -1 -1 
35 2 791 174 136 66 -1 -1 -1 -1 
35 3 617 191 160 58 -1 -1 -1 -1 
35 4 361 170 117 74 -1 -1 -1 -1 
35 6 656 410 192 110 -1 -1 -1 -1 
35 7 1019 433 105 125 -1 -1 -1 -1 
35 8 706 208 18 30 -1 -1 -1 -1 
35 10 852 196 15 28 -1 -1 -1 -1 
36 1 375 337 90 202 -1 -1 -1 -1 
36 2 792 177 138 63 -1 -1 -1 -1 
36 3 620 195 150 52 -1 -1 -1 -1 
36 4 361 171 115 71 -1 -1 -1 -1 
36 6 656 405 184 116 -1 -1 -1 -1 
36 7 1020 432 104 126 -1 -1 -1 -1 
36 8 710 210 17 29 -1 -1 -1 -1 
37 1 369 335 94 204 -1 -1 -1 -1 
37 2 793 179 138 61 -1 -1 -1 -1 
37 3 620 192 155 54 -1 -1 -1 -1 
37 4 360 169 117 75 -1 -1 -1 -1 
37 6 655 404 175 117 -1 -1 -1 -1 
37 7 1020 433 104 125 -1 -1 -1 -1 
37 8 723 211 15 28 -1 -1 -1 -1 
37 10 864 194 14 24 -1 -1 -1 -1 
38 1 362 337 101 206 -1 -1 -1 -1 
38 2 796 181 133 60 -1 -1 -1 -1 
38 3 628 187 164 59 -1 -1 -1 -1 
38 4 360 169 117 75 -1 -1 -1 -1 
38 6 656 401 163 119 -1 -1 -1 -1 
38 7 1021 434 103 124 -1 -1 -1 -1 
38 8 717 212 17 30 -1 -1 -1 -1 
38 10 867 195 13 22 -1 -1 -1 -1 
39 1 354 336 110 206 -1 -1 -1 -1 
39 2 799 176 132 69 -1 -1 -1 -1 
39 3 633 180 162 66 -1 -1 -1 -1 
39 4 360 169 118 75 -1 -1 -1 -1 
39 6 656 400 158 120 -1 -1 -1 -1 
39 7 1021 434 103 124 -1 -1 -1 -1 
39 8 717 212 16 28 -1 -1 -1 -1 
39 10 869 198 14 23 -1 -1 -1 -1 
40 1 344 337 118 209 -1 -1 -1 -1 
40 2 799 179 133 61 -1 -1 -1 -1 
40 3 639 176 159 70 -1 -1 -1 -1 
40 4 360 169 117 75 -1 -1 -1 -1 
40 6 656 401 147 119 -1 -1 -1 -1 
40 7 1021 434 103 124 -1 -1 -1 -1 
40 8 718 212 16 28 -1 -1 -1 -1 
40 10 874 201 14 20 -1 -1 -1 -1 
41 1 340 338 116 210 -1 -1 -1 -1 
41 2 798 177 138 63 -1 -1 -1 -1 
41 3 644 173 155 73 -1 -1 -1 -1 
41 4 359 169 118 75 -1 -1 -1 -1 
41 6 655 400 134 120 -1 -1 -1 -1 
41 7 1021 434 102 122 -1 -1 -1 -1 
41 8 722 211 17 28 -1 -1 -1 -1 
41 10 880 203 13 23 -1 -1 -1 -1 
42 1 335 340 117 208 -1 -1 -1 -1 
42 2 805 178 128 64 -1 -1 -1 -1 
42 3 644 171 153 74 -1 -1 -1 -1 
42 4 359 169 118 75 -1 -1 -1 -1 
42 6 656 400 120 120 -1 -1 -1 -1 
42 7 1021 434 102 122 -1 -1 -1 -1 
42 8 723 211 17 29 -1 -1 -1 -1 
42 10 882 206 14 26 -1 -1 -1 -1 
43 1 330 341 116 203 -1 -1 -1 -1 
43 2 804 177 127 65 -1 -1 -1 -1 
43 3 645 167 152 79 -1 -1 -1 -1 
43 4 358 169 118 75 -1 -1 -1 -1 
43 6 656 398 109 122 -1 -1 -1 -1 
43 7 1020 433 103 123 -1 -1 -1 -1 
43 8 724 211 17 28 -1 -1 -1 -1 
43 10 882 215 13 23 -1 -1 -1 -1 
44 1 327 344 109 202 -1 -1 -1 -1 
44 2 810 176 122 66 -1 -1 -1 -1 
44 3 650 167 152 80 -1 -1 -1 -1 
44 4 358 168 118 76 -1 -1 -1 -1 
44 6 656 397 109 123 -1 -1 -1 -1 
44 7 1020 433 103 123 -1 -1 -1 -1 
44 8 726 210 17 29 -1 -1 -1 -1 
44 10 886 222 14 23 -1 -1 -1 -1 
45 1 324 343 100 204 -1 -1 -1 -1 
45 2 822 177 104 68 -1 -1 -1 -1 
45 3 649 170 153 76 -1 -1 -1 -1 
45 4 358 168 117 76 -1 -1 -1 -1 
45 6 656 396 110 124 -1 -1 -1 -1 
45 7 1020 433 103 124 -1 -1 -1 -1 
45 8 725 212 17 28 -1 -1 -1 -1 
45 10 889 229 15 25 -1 -1 -1 -1 
46 1 321 342 90 206 -1 -1 -1 -1 
46 2 827 178 100 66 -1 -1 -1 -1 
46 3 651 172 154 75 -1 -1 -1 -1 
46 4 357 168 118 76 -1 -1 -1 -1 
46 6 654 399 110 121 -1 -1 -1 -1 
46 7 1020 433 103 124 -1 -1 -1 -1 
46 8 726 213 15 27 -1 -1 -1 -1 
46 10 892 240 16 26 -1 -1 -1 -1 
47 1 317 337 82 211 -1 -1 -1 -1 
47 2 829 180 99 64 -1 -1 -1 -1 
47 3 653 177 152 70 -1 -1 -1 -1 
47 4 357 167 117 77 -1 -1 -1 -1 
47 6 652 399 111 121 -1 -1 -1 -1 
47 7 1019 433 104 124 -1 -1 -1 -1 
47 8 727 214 15 26 -1 -1 -1 -1 
47 10 895 240 17 26 -1 -1 -1 -1 
48 1 313 337 72 213 -1 -1 -1 -1 
48 2 830 181 97 63 -1 -1 -1 -1 
48 3 653 183 150 64 -1 -1 -1 -1 
48 4 357 167 116 77 -1 -1 -1 -1 
48 6 652 399 110 121 -1 -1 -1 -1 
48 7 1019 433 104 123 -1 -1 -1 -1 
48 8 898 237 16 26 -1 -1 -1 -1 
48 10 726 213 16 27 -1 -1 -1 -1 
49 1 307 336 70 214 -1 -1 -1 -1 
49 2 832 182 95 63 -1 -1 -1 -1 
49 3 652 189 147 59 -1 -1 -1 -1 
49 4 356 167 116 77 -1 -1 -1 -1 
49 6 652 398 108 123 -1 -1 -1 -1 
49 7 1019 433 107 123 -1 -1 -1 -1 
49 8 900 233 16 27 -1 -1 -1 -1 
49 10 725 212 16 28 -1 -1 -1 -1 
50 1 302 337 65 213 -1 -1 -1 -1 
50 2 832 182 95 64 -1 -1 -1 -1 
50 3 650 193 146 56 -1 -1 -1 -1 
50 4 357 168 113 74 -1 -1 -1 -1 
50 6 652 398 105 123 -1 -1 -1 -1 
50 7 1019 434 107 122 -1 -1 -1 -1 
50 8 903 232 15 26 -1 -1 -1 -1 
50 10 724 212 16 28 -1 -1 -1 -1 
51 1 296 339 67 212 -1 -1 -1 -1 
51 2 832 183 95 63 -1 -1 -1 -1 
51 3 648 197 144 52 -1 -1 -1 -1 
51 4 356 168 114 74 -1 -1 -1 -1 
51 6 651 397 102 125 -1 -1 -1 -1 
51 7 1018 434 109 123 -1 -1 -1 -1 
51 8 906 232 15 25 -1 -1 -1 -1 
51 10 723 211 17 29 -1 -1 -1 -1 
52 1 288 336 71 215 -1 -1 -1 -1 
52 2 832 184 95 62 -1 -1 -1 -1 
52 3 643 198 153 50 -1 -1 -1 -1 
52 4 357 168 112 74 -1 -1 -1 -1 
52 6 651 397 97 126 -1 -1 -1 -1 
52 7 1016 436 116 121 -1 -1 -1 -1 
52 8 909 233 15 26 -1 -1 -1 -1 
52 10 722 211 17 29 -1 -1 -1 -1 
53 1 276 337 83 214 -1 -1 -1 -1 
53 2 833 183 94 64 -1 -1 -1 -1 
53 3 647 198 153 50 -1 -1 -1 -1 
53 4 356 168 112 74 -1 -1 -1 -1 
53 6 651 398 92 124 -1 -1 -1 -1 
53 7 1015 436 120 121 -1 -1 -1 -1 
53 8 911 234 16 26 -1 -1 -1 -1 
53 10 722 212 16 27 -1 -1 -1 -1 
54 1 264 339 94 213 -1 -1 -1 -1 
54 2 832 183 95 63 -1 -1 -1 -1 
54 3 639 197 158 51 -1 -1 -1 -1 
54 4 356 168 111 74 -1 -1 -1 -1 
54 6 651 398 92 124 -1 -1 -1 -1 
54 7 1015 437 123 119 -1 -1 -1 -1 
54 8 915 235 15 27 -1 -1 -1 -1 
55 1 256 340 100 214 -1 -1 -1 -1 
55 2 832 183 96 63 -1 -1 -1 -1 
55 3 637 197 156 52 -1 -1 -1 -1 
55 4 356 168 110 74 -1 -1 -1 -1 
55 7 1015 437 128 119 -1 -1 -1 -1 
55 8 916 237 17 27 -1 -1 -1 -1 
55 10 719 211 17 29 -1 -1 -1 -1 
56 1 251 341 102 215 -1 -1 -1 -1 
56 2 835 182 96 64 -1 -1 -1 -1 
56 3 636 195 152 54 -1 -1 -1 -1 
56 4 356 167 109 75 -1 -1 -1 -1 
56 7 1015 438 132 118 -1 -1 -1 -1 
56 8 919 244 18 27 -1 -1 -1 -1 
56 10 717 212 16 27 -1 -1 -1 -1 
57 1 248 343 102 213 -1 -1 -1 -1 
57 2 839 182 92 65 -1 -1 -1 -1 
57 3 633 193 156 57 -1 -1 -1 -1 
57 4 355 167 110 75 -1 -1 -1 -1 
57 7 1015 439 133 116 -1 -1 -1 -1 
57 8 921 245 18 26 -1 -1 -1 -1 
57 10 716 212 16 27 -1 -1 -1 -1 
58 1 243 344 97 211 -1 -1 -1 -1 
58 2 843 181 86 65 -1 -1 -1 -1 
58 3 631 190 153 60 -1 -1 -1 -1 
58 4 355 166 110 77 -1 -1 -1 -1 
58 7 1015 439 133 116 -1 -1 -1 -1 
58 8 924 242 17 27 -1 -1 -1 -1 
58 10 717 213 14 25 -1 -1 -1 -1 
