4 1 576 129 81 122 -1 -1 -1 -1 
4 2 214 338 101 243 -1 -1 -1 -1 
4 3 667 374 88 207 -1 -1 -1 -1 
4 4 594 364 73 226 -1 -1 -1 -1 
4 5 1089 70 55 145 -1 -1 -1 -1 
5 1 576 128 81 123 -1 -1 -1 -1 
5 2 212 337 107 245 -1 -1 -1 -1 
5 3 672 374 86 208 -1 -1 -1 -1 
5 4 594 364 73 227 -1 -1 -1 -1 
5 5 1089 70 55 145 -1 -1 -1 -1 
6 1 576 128 81 123 -1 -1 -1 -1 
6 2 212 337 110 246 -1 -1 -1 -1 
6 3 675 373 85 210 -1 -1 -1 -1 
6 4 596 363 70 227 -1 -1 -1 -1 
6 5 1089 70 55 145 -1 -1 -1 -1 
7 1 576 128 82 123 -1 -1 -1 -1 
7 2 211 337 114 245 -1 -1 -1 -1 
7 3 677 373 84 211 -1 -1 -1 -1 
7 4 594 363 72 227 -1 -1 -1 -1 
7 5 1089 70 55 145 -1 -1 -1 -1 
8 1 576 128 82 123 -1 -1 -1 -1 
8 2 210 337 115 245 -1 -1 -1 -1 
8 3 678 373 83 211 -1 -1 -1 -1 
8 4 594 363 72 227 -1 -1 -1 -1 
8 5 1089 70 55 145 -1 -1 -1 -1 
9 1 576 128 82 123 -1 -1 -1 -1 
9 2 210 338 115 245 -1 -1 -1 -1 
9 3 681 373 81 211 -1 -1 -1 -1 
9 4 593 363 72 227 -1 -1 -1 -1 
9 5 1089 70 55 146 -1 -1 -1 -1 
10 1 576 128 82 123 -1 -1 -1 -1 
10 2 210 338 114 244 -1 -1 -1 -1 
10 3 687 371 76 212 -1 -1 -1 -1 
10 4 593 363 72 227 -1 -1 -1 -1 
10 5 1089 70 55 146 -1 -1 -1 -1 
11 1 576 128 82 123 -1 -1 -1 -1 
11 2 210 339 112 244 -1 -1 -1 -1 
11 3 691 371 75 213 -1 -1 -1 -1 
11 4 592 364 73 226 -1 -1 -1 -1 
11 5 1089 70 55 146 -1 -1 -1 -1 
12 1 576 128 81 122 -1 -1 -1 -1 
12 2 211 339 111 245 -1 -1 -1 -1 
12 3 698 371 70 212 -1 -1 -1 -1 
12 4 592 365 72 226 -1 -1 -1 -1 
12 5 1089 70 55 146 -1 -1 -1 -1 
13 1 576 128 81 122 -1 -1 -1 -1 
13 2 210 339 113 245 -1 -1 -1 -1 
13 3 704 371 66 212 -1 -1 -1 -1 
13 4 592 366 73 225 -1 -1 -1 -1 
13 5 1089 70 55 146 -1 -1 -1 -1 
14 1 576 128 81 122 -1 -1 -1 -1 
14 2 211 339 111 245 -1 -1 -1 -1 
14 3 710 373 63 209 -1 -1 -1 -1 
14 4 591 366 73 225 -1 -1 -1 -1 
14 5 1089 70 55 146 -1 -1 -1 -1 
15 1 576 128 81 122 -1 -1 -1 -1 
15 2 211 339 111 245 -1 -1 -1 -1 
15 3 714 373 62 209 -1 -1 -1 -1 
15 4 590 367 74 223 -1 -1 -1 -1 
15 5 1089 70 55 146 -1 -1 -1 -1 
16 1 576 127 81 123 -1 -1 -1 -1 
16 2 211 340 112 244 -1 -1 -1 -1 
16 3 714 373 65 209 -1 -1 -1 -1 
16 4 589 365 73 224 -1 -1 -1 -1 
16 5 1089 70 55 146 -1 -1 -1 -1 
17 1 576 127 81 123 -1 -1 -1 -1 
17 2 212 340 112 244 -1 -1 -1 -1 
17 3 715 373 69 210 -1 -1 -1 -1 
17 4 588 365 73 224 -1 -1 -1 -1 
17 5 1089 70 56 146 -1 -1 -1 -1 
18 1 576 127 81 123 -1 -1 -1 -1 
18 2 213 340 114 244 -1 -1 -1 -1 
18 3 716 373 75 210 -1 -1 -1 -1 
18 4 588 365 73 224 -1 -1 -1 -1 
18 5 1089 70 56 146 -1 -1 -1 -1 
19 1 576 127 82 123 -1 -1 -1 -1 
19 2 213 340 116 244 -1 -1 -1 -1 
19 3 716 372 81 212 -1 -1 -1 -1 
19 4 587 365 74 225 -1 -1 -1 -1 
19 5 1089 70 56 146 -1 -1 -1 -1 
20 1 576 127 82 123 -1 -1 -1 -1 
20 2 213 341 118 243 -1 -1 -1 -1 
20 3 716 370 88 216 -1 -1 -1 -1 
20 4 587 365 74 225 -1 -1 -1 -1 
20 5 1089 70 56 146 -1 -1 -1 -1 
21 1 576 127 82 123 -1 -1 -1 -1 
21 2 213 341 120 243 -1 -1 -1 -1 
21 3 716 371 90 215 -1 -1 -1 -1 
21 4 587 365 74 225 -1 -1 -1 -1 
21 5 1089 70 56 146 -1 -1 -1 -1 
22 1 576 127 82 123 -1 -1 -1 -1 
22 2 213 341 120 243 -1 -1 -1 -1 
22 3 718 373 92 212 -1 -1 -1 -1 
22 4 587 365 74 225 -1 -1 -1 -1 
22 5 1089 70 56 146 -1 -1 -1 -1 
23 1 576 127 81 123 -1 -1 -1 -1 
23 2 213 341 120 243 -1 -1 -1 -1 
23 3 718 373 94 211 -1 -1 -1 -1 
23 4 587 365 74 225 -1 -1 -1 -1 
23 5 1089 70 56 146 -1 -1 -1 -1 
24 1 576 127 82 123 -1 -1 -1 -1 
24 2 213 341 121 243 -1 -1 -1 -1 
24 3 719 373 94 210 -1 -1 -1 -1 
24 4 588 365 73 225 -1 -1 -1 -1 
24 5 1089 70 56 146 -1 -1 -1 -1 
25 1 576 127 82 123 -1 -1 -1 -1 
25 2 213 341 120 243 -1 -1 -1 -1 
25 3 719 374 95 209 -1 -1 -1 -1 
25 4 588 366 73 224 -1 -1 -1 -1 
25 5 1089 70 56 146 -1 -1 -1 -1 
26 1 576 126 82 125 -1 -1 -1 -1 
26 2 213 341 119 243 -1 -1 -1 -1 
26 3 721 374 95 209 -1 -1 -1 -1 
26 4 588 366 74 224 -1 -1 -1 -1 
26 5 1089 70 56 146 -1 -1 -1 -1 
27 1 576 126 82 125 -1 -1 -1 -1 
27 2 213 341 118 243 -1 -1 -1 -1 
27 3 722 373 95 211 -1 -1 -1 -1 
27 4 589 369 74 222 -1 -1 -1 -1 
27 5 1089 70 56 146 -1 -1 -1 -1 
28 1 576 126 82 125 -1 -1 -1 -1 
28 2 213 342 118 242 -1 -1 -1 -1 
28 3 724 373 96 211 -1 -1 -1 -1 
28 4 590 369 73 222 -1 -1 -1 -1 
28 5 1089 70 56 146 -1 -1 -1 -1 
29 1 576 126 82 125 -1 -1 -1 -1 
29 2 213 342 117 242 -1 -1 -1 -1 
29 3 726 372 99 210 -1 -1 -1 -1 
29 4 591 369 72 223 -1 -1 -1 -1 
29 5 1089 69 56 147 -1 -1 -1 -1 
30 1 576 126 82 125 -1 -1 -1 -1 
30 2 213 342 117 242 -1 -1 -1 -1 
30 3 729 370 98 213 -1 -1 -1 -1 
30 4 593 369 70 222 -1 -1 -1 -1 
30 5 1088 69 57 147 -1 -1 -1 -1 
31 1 576 126 82 125 -1 -1 -1 -1 
31 2 213 342 116 242 -1 -1 -1 -1 
31 3 731 369 100 216 -1 -1 -1 -1 
31 4 594 370 70 221 -1 -1 -1 -1 
31 5 1088 69 57 147 -1 -1 -1 -1 
32 1 576 126 82 125 -1 -1 -1 -1 
32 2 213 342 116 242 -1 -1 -1 -1 
32 3 736 369 97 216 -1 -1 -1 -1 
32 4 594 370 69 221 -1 -1 -1 -1 
32 5 1088 69 57 147 -1 -1 -1 -1 
33 1 576 126 82 125 -1 -1 -1 -1 
33 2 213 342 115 242 -1 -1 -1 -1 
33 3 739 370 99 214 -1 -1 -1 -1 
33 4 594 369 69 222 -1 -1 -1 -1 
33 5 1089 69 56 147 -1 -1 -1 -1 
34 1 576 126 82 125 -1 -1 -1 -1 
34 2 213 342 114 242 -1 -1 -1 -1 
34 3 744 370 96 213 -1 -1 -1 -1 
34 4 595 370 68 221 -1 -1 -1 -1 
34 5 1089 69 56 147 -1 -1 -1 -1 
35 1 576 126 82 125 -1 -1 -1 -1 
35 2 213 342 114 242 -1 -1 -1 -1 
35 3 748 369 95 213 -1 -1 -1 -1 
35 4 595 370 67 221 -1 -1 -1 -1 
35 5 1089 69 56 147 -1 -1 -1 -1 
36 1 576 126 82 125 -1 -1 -1 -1 
36 2 213 342 114 242 -1 -1 -1 -1 
36 3 750 369 99 214 -1 -1 -1 -1 
36 4 594 370 68 221 -1 -1 -1 -1 
36 5 1089 69 56 147 -1 -1 -1 -1 
37 1 576 126 82 125 -1 -1 -1 -1 
37 2 213 342 114 242 -1 -1 -1 -1 
37 3 756 369 105 214 -1 -1 -1 -1 
37 4 594 370 66 220 -1 -1 -1 -1 
37 5 1089 69 56 147 -1 -1 -1 -1 
38 1 576 126 82 125 -1 -1 -1 -1 
38 2 212 342 115 242 -1 -1 -1 -1 
38 3 761 370 106 213 -1 -1 -1 -1 
38 4 594 370 65 220 -1 -1 -1 -1 
38 5 1089 69 56 146 -1 -1 -1 -1 
39 1 576 126 82 125 -1 -1 -1 -1 
39 2 212 342 115 242 -1 -1 -1 -1 
39 3 764 369 111 214 -1 -1 -1 -1 
39 4 592 370 66 220 -1 -1 -1 -1 
39 5 1089 69 56 147 -1 -1 -1 -1 
40 1 576 126 82 125 -1 -1 -1 -1 
40 2 212 342 114 242 -1 -1 -1 -1 
40 3 766 371 114 213 -1 -1 -1 -1 
40 4 591 370 67 220 -1 -1 -1 -1 
40 5 1089 69 56 147 -1 -1 -1 -1 
41 1 576 126 82 125 -1 -1 -1 -1 
41 2 212 342 114 242 -1 -1 -1 -1 
41 3 771 372 111 212 -1 -1 -1 -1 
41 4 590 370 66 220 -1 -1 -1 -1 
41 5 1089 69 56 147 -1 -1 -1 -1 
42 1 576 126 82 125 -1 -1 -1 -1 
42 2 212 341 114 243 -1 -1 -1 -1 
42 3 774 372 109 212 -1 -1 -1 -1 
42 4 589 370 66 220 -1 -1 -1 -1 
42 5 1089 69 56 146 -1 -1 -1 -1 
43 1 576 126 82 125 -1 -1 -1 -1 
43 2 212 342 113 242 -1 -1 -1 -1 
43 3 777 373 106 211 -1 -1 -1 -1 
43 4 587 370 67 221 -1 -1 -1 -1 
43 5 1089 69 56 147 -1 -1 -1 -1 
44 1 576 126 82 125 -1 -1 -1 -1 
44 2 212 341 112 243 -1 -1 -1 -1 
44 3 781 373 104 211 -1 -1 -1 -1 
44 4 586 370 67 221 -1 -1 -1 -1 
44 5 1089 69 56 147 -1 -1 -1 -1 
45 1 576 126 82 125 -1 -1 -1 -1 
45 2 212 342 112 242 -1 -1 -1 -1 
45 3 785 371 102 214 -1 -1 -1 -1 
45 4 584 371 68 223 -1 -1 -1 -1 
45 5 1089 69 56 147 -1 -1 -1 -1 
46 1 576 126 82 125 -1 -1 -1 -1 
46 2 212 342 112 242 -1 -1 -1 -1 
46 3 788 369 100 215 -1 -1 -1 -1 
46 4 581 371 71 223 -1 -1 -1 -1 
46 5 1089 69 56 147 -1 -1 -1 -1 
47 1 576 126 82 124 -1 -1 -1 -1 
47 2 212 342 112 242 -1 -1 -1 -1 
47 3 791 368 98 216 -1 -1 -1 -1 
47 4 580 371 72 223 -1 -1 -1 -1 
47 5 1089 69 56 147 -1 -1 -1 -1 
48 1 576 126 82 124 -1 -1 -1 -1 
48 2 212 342 113 242 -1 -1 -1 -1 
48 3 797 369 94 216 -1 -1 -1 -1 
48 4 577 371 75 223 -1 -1 -1 -1 
48 5 1089 69 56 147 -1 -1 -1 -1 
49 1 576 126 82 124 -1 -1 -1 -1 
49 2 212 342 113 242 -1 -1 -1 -1 
49 3 800 368 92 217 -1 -1 -1 -1 
49 4 576 372 75 222 -1 -1 -1 -1 
49 5 1089 69 56 146 -1 -1 -1 -1 
50 1 576 126 82 124 -1 -1 -1 -1 
50 2 212 342 113 242 -1 -1 -1 -1 
50 3 804 367 90 218 -1 -1 -1 -1 
50 4 571 372 78 222 -1 -1 -1 -1 
50 5 1089 69 56 147 -1 -1 -1 -1 
51 1 576 126 82 124 -1 -1 -1 -1 
51 2 212 342 114 242 -1 -1 -1 -1 
51 3 805 366 91 219 -1 -1 -1 -1 
51 4 570 372 77 219 -1 -1 -1 -1 
51 5 1089 69 56 147 -1 -1 -1 -1 
52 1 576 126 82 124 -1 -1 -1 -1 
52 2 212 342 113 241 -1 -1 -1 -1 
52 3 809 368 90 215 -1 -1 -1 -1 
52 4 567 373 77 221 -1 -1 -1 -1 
52 5 1089 70 56 146 -1 -1 -1 -1 
53 1 576 126 81 124 -1 -1 -1 -1 
53 2 212 342 113 241 -1 -1 -1 -1 
53 3 810 368 91 215 -1 -1 -1 -1 
53 4 566 372 76 223 -1 -1 -1 -1 
53 5 1089 70 56 146 -1 -1 -1 -1 
54 1 576 126 81 125 -1 -1 -1 -1 
54 2 212 342 113 241 -1 -1 -1 -1 
54 3 812 367 90 216 -1 -1 -1 -1 
54 4 565 373 74 222 -1 -1 -1 -1 
54 5 1089 70 56 145 -1 -1 -1 -1 
55 1 576 126 81 125 -1 -1 -1 -1 
55 2 212 342 113 241 -1 -1 -1 -1 
55 3 813 367 90 216 -1 -1 -1 -1 
55 4 565 380 73 211 -1 -1 -1 -1 
55 5 1090 70 55 145 -1 -1 -1 -1 
56 1 576 126 81 125 -1 -1 -1 -1 
56 2 212 342 113 241 -1 -1 -1 -1 
56 3 814 367 90 217 -1 -1 -1 -1 
56 4 563 382 72 208 -1 -1 -1 -1 
56 5 1089 69 56 146 -1 -1 -1 -1 
57 1 576 127 81 123 -1 -1 -1 -1 
57 2 213 342 111 241 -1 -1 -1 -1 
57 3 815 366 90 218 -1 -1 -1 -1 
57 4 562 388 70 201 -1 -1 -1 -1 
57 5 1089 70 56 146 -1 -1 -1 -1 
58 1 576 127 82 123 -1 -1 -1 -1 
58 2 213 342 112 241 -1 -1 -1 -1 
58 3 815 366 90 216 -1 -1 -1 -1 
58 4 562 390 69 196 -1 -1 -1 -1 
58 5 1089 70 56 146 -1 -1 -1 -1 
59 1 576 126 82 124 -1 -1 -1 -1 
59 2 213 342 112 241 -1 -1 -1 -1 
59 3 815 366 91 216 -1 -1 -1 -1 
59 4 560 394 69 194 -1 -1 -1 -1 
59 5 1089 70 56 146 -1 -1 -1 -1 
60 1 576 127 82 123 -1 -1 -1 -1 
60 2 213 342 113 241 -1 -1 -1 -1 
60 3 815 366 93 218 -1 -1 -1 -1 
60 4 557 397 71 190 -1 -1 -1 -1 
60 5 1089 70 56 145 -1 -1 -1 -1 
61 1 576 127 81 123 -1 -1 -1 -1 
61 2 213 342 113 241 -1 -1 -1 -1 
61 3 815 366 94 218 -1 -1 -1 -1 
61 4 544 398 84 189 -1 -1 -1 -1 
61 5 1089 70 56 145 -1 -1 -1 -1 
62 1 576 127 82 123 -1 -1 -1 -1 
62 2 213 342 113 242 -1 -1 -1 -1 
62 3 816 366 94 218 -1 -1 -1 -1 
62 4 537 397 91 190 -1 -1 -1 -1 
62 5 1089 70 56 145 -1 -1 -1 -1 
63 1 576 127 82 123 -1 -1 -1 -1 
63 2 213 342 113 242 -1 -1 -1 -1 
63 3 816 366 95 218 -1 -1 -1 -1 
63 4 533 398 92 189 -1 -1 -1 -1 
63 5 1089 70 56 146 -1 -1 -1 -1 
64 1 576 127 82 123 -1 -1 -1 -1 
64 2 213 342 113 242 -1 -1 -1 -1 
64 3 816 366 96 218 -1 -1 -1 -1 
64 4 533 398 89 189 -1 -1 -1 -1 
64 5 1089 70 56 146 -1 -1 -1 -1 
65 1 576 127 82 123 -1 -1 -1 -1 
65 2 213 342 114 242 -1 -1 -1 -1 
65 3 817 366 96 217 -1 -1 -1 -1 
65 4 528 400 88 179 -1 -1 -1 -1 
65 5 1090 70 55 146 -1 -1 -1 -1 
66 1 576 126 82 124 -1 -1 -1 -1 
66 2 213 342 114 242 -1 -1 -1 -1 
66 3 817 367 97 216 -1 -1 -1 -1 
66 4 522 398 83 177 -1 -1 -1 -1 
66 5 1090 70 55 146 -1 -1 -1 -1 
67 1 576 126 82 124 -1 -1 -1 -1 
67 2 213 342 113 242 -1 -1 -1 -1 
67 3 817 367 97 217 -1 -1 -1 -1 
67 4 514 396 80 180 -1 -1 -1 -1 
67 5 1090 70 55 146 -1 -1 -1 -1 
68 1 576 126 81 124 -1 -1 -1 -1 
68 2 213 342 114 241 -1 -1 -1 -1 
68 3 817 367 98 216 -1 -1 -1 -1 
68 4 508 393 69 177 -1 -1 -1 -1 
68 5 1090 70 55 146 -1 -1 -1 -1 
69 1 576 126 82 124 -1 -1 -1 -1 
69 2 213 342 113 242 -1 -1 -1 -1 
69 3 817 367 99 216 -1 -1 -1 -1 
69 4 498 390 67 177 -1 -1 -1 -1 
69 5 1090 70 55 146 -1 -1 -1 -1 
70 1 576 126 82 124 -1 -1 -1 -1 
70 2 213 342 113 242 -1 -1 -1 -1 
70 3 817 367 99 216 -1 -1 -1 -1 
70 4 489 388 70 176 -1 -1 -1 -1 
70 5 1090 70 55 146 -1 -1 -1 -1 
71 1 576 127 81 123 -1 -1 -1 -1 
71 2 213 342 113 242 -1 -1 -1 -1 
71 3 817 367 99 217 -1 -1 -1 -1 
71 4 471 380 85 182 -1 -1 -1 -1 
71 5 1090 70 55 146 -1 -1 -1 -1 
72 1 576 126 81 124 -1 -1 -1 -1 
72 2 213 341 114 243 -1 -1 -1 -1 
72 3 817 367 99 218 -1 -1 -1 -1 
72 4 454 368 97 194 -1 -1 -1 -1 
72 5 1090 70 55 145 -1 -1 -1 -1 
73 1 576 126 82 124 -1 -1 -1 -1 
73 2 213 341 115 243 -1 -1 -1 -1 
73 3 817 367 100 218 -1 -1 -1 -1 
73 4 442 365 105 195 -1 -1 -1 -1 
73 5 1090 70 55 145 -1 -1 -1 -1 
74 1 576 127 82 123 -1 -1 -1 -1 
74 2 213 342 114 242 -1 -1 -1 -1 
74 3 817 367 100 218 -1 -1 -1 -1 
74 4 429 360 118 197 -1 -1 -1 -1 
74 5 1090 70 55 145 -1 -1 -1 -1 
75 1 576 127 82 123 -1 -1 -1 -1 
75 2 213 341 114 243 -1 -1 -1 -1 
75 3 817 367 100 218 -1 -1 -1 -1 
75 4 422 351 115 203 -1 -1 -1 -1 
75 5 1090 70 55 145 -1 -1 -1 -1 
76 1 576 127 82 123 -1 -1 -1 -1 
76 2 213 341 115 243 -1 -1 -1 -1 
76 3 816 367 101 218 -1 -1 -1 -1 
76 4 425 355 94 192 -1 -1 -1 -1 
76 5 1090 70 55 146 -1 -1 -1 -1 
77 1 576 127 81 123 -1 -1 -1 -1 
77 2 213 341 114 243 -1 -1 -1 -1 
77 3 816 367 101 218 -1 -1 -1 -1 
77 4 427 361 81 182 -1 -1 -1 -1 
77 5 1090 70 55 146 -1 -1 -1 -1 
78 1 576 127 81 123 -1 -1 -1 -1 
78 2 212 342 114 242 -1 -1 -1 -1 
78 3 816 367 101 218 -1 -1 -1 -1 
78 4 425 359 74 178 -1 -1 -1 -1 
78 5 1090 70 55 146 -1 -1 -1 -1 
79 1 576 126 81 125 -1 -1 -1 -1 
79 2 212 342 114 242 -1 -1 -1 -1 
79 3 816 367 102 218 -1 -1 -1 -1 
79 4 422 354 64 181 -1 -1 -1 -1 
79 5 1090 70 55 146 -1 -1 -1 -1 
80 1 576 126 81 125 -1 -1 -1 -1 
80 2 212 342 114 242 -1 -1 -1 -1 
80 3 817 367 100 218 -1 -1 -1 -1 
80 4 418 350 61 182 -1 -1 -1 -1 
80 5 1090 70 55 146 -1 -1 -1 -1 
81 1 576 127 81 124 -1 -1 -1 -1 
81 2 213 342 112 242 -1 -1 -1 -1 
81 3 817 367 100 218 -1 -1 -1 -1 
81 4 416 346 55 186 -1 -1 -1 -1 
81 5 1090 70 55 146 -1 -1 -1 -1 
82 1 576 127 81 124 -1 -1 -1 -1 
82 2 212 341 113 243 -1 -1 -1 -1 
82 3 817 367 100 218 -1 -1 -1 -1 
82 4 413 339 51 195 -1 -1 -1 -1 
82 5 1090 70 55 146 -1 -1 -1 -1 
83 1 576 127 81 124 -1 -1 -1 -1 
83 2 212 341 113 243 -1 -1 -1 -1 
83 3 817 367 100 218 -1 -1 -1 -1 
83 4 405 333 58 200 -1 -1 -1 -1 
83 5 1090 70 55 145 -1 -1 -1 -1 
84 1 576 127 81 124 -1 -1 -1 -1 
84 2 212 342 113 242 -1 -1 -1 -1 
84 3 818 366 100 218 -1 -1 -1 -1 
84 4 401 326 56 201 -1 -1 -1 -1 
84 5 1090 70 55 145 -1 -1 -1 -1 
85 1 576 127 81 124 -1 -1 -1 -1 
85 2 212 342 112 242 -1 -1 -1 -1 
85 3 818 366 100 218 -1 -1 -1 -1 
85 4 400 320 58 188 -1 -1 -1 -1 
85 5 1090 70 55 146 -1 -1 -1 -1 
86 1 576 127 81 124 -1 -1 -1 -1 
86 2 212 342 111 242 -1 -1 -1 -1 
86 3 818 366 99 218 -1 -1 -1 -1 
86 4 395 316 72 180 -1 -1 -1 -1 
86 5 1090 70 55 145 -1 -1 -1 -1 
87 1 577 126 80 124 -1 -1 -1 -1 
87 2 212 342 111 242 -1 -1 -1 -1 
87 3 818 366 99 218 -1 -1 -1 -1 
87 4 387 312 83 179 -1 -1 -1 -1 
87 5 1090 71 55 143 -1 -1 -1 -1 
88 1 577 125 80 124 -1 -1 -1 -1 
88 2 212 342 110 242 -1 -1 -1 -1 
88 3 818 366 99 219 -1 -1 -1 -1 
88 4 384 307 56 185 -1 -1 -1 -1 
88 5 1090 71 55 143 -1 -1 -1 -1 
89 1 577 123 80 126 -1 -1 -1 -1 
89 2 211 342 111 242 -1 -1 -1 -1 
89 3 817 366 99 219 -1 -1 -1 -1 
89 4 377 305 66 185 -1 -1 -1 -1 
89 5 1090 71 55 143 -1 -1 -1 -1 
90 1 577 123 80 129 -1 -1 -1 -1 
90 2 211 342 111 242 -1 -1 -1 -1 
90 3 817 366 99 219 -1 -1 -1 -1 
90 4 368 305 74 184 -1 -1 -1 -1 
90 5 1090 71 55 143 -1 -1 -1 -1 
91 1 577 122 79 130 -1 -1 -1 -1 
91 2 210 342 110 242 -1 -1 -1 -1 
91 3 817 366 99 219 -1 -1 -1 -1 
91 4 360 304 73 176 -1 -1 -1 -1 
92 1 576 122 80 130 -1 -1 -1 -1 
92 2 208 343 111 240 -1 -1 -1 -1 
92 3 818 366 99 218 -1 -1 -1 -1 
92 4 354 297 71 180 -1 -1 -1 -1 
93 1 575 121 81 130 -1 -1 -1 -1 
93 2 207 341 108 242 -1 -1 -1 -1 
93 3 818 366 99 218 -1 -1 -1 -1 
93 4 350 296 72 179 -1 -1 -1 -1 
94 1 575 121 81 130 -1 -1 -1 -1 
94 2 205 341 108 242 -1 -1 -1 -1 
94 3 818 366 99 218 -1 -1 -1 -1 
94 4 344 297 78 174 -1 -1 -1 -1 
95 1 575 120 81 130 -1 -1 -1 -1 
95 2 202 342 107 241 -1 -1 -1 -1 
95 3 818 366 99 218 -1 -1 -1 -1 
95 4 339 309 81 163 -1 -1 -1 -1 
95 7 340 301 21 31 -1 -1 -1 -1 
96 1 574 117 82 133 -1 -1 -1 -1 
96 2 199 343 107 240 -1 -1 -1 -1 
96 3 818 366 99 218 -1 -1 -1 -1 
96 4 335 323 82 149 -1 -1 -1 -1 
96 7 344 324 20 31 -1 -1 -1 -1 
97 1 572 114 83 136 -1 -1 -1 -1 
97 2 195 342 107 242 -1 -1 -1 -1 
97 3 818 366 99 218 -1 -1 -1 -1 
97 4 331 333 81 140 -1 -1 -1 -1 
98 1 570 115 85 134 -1 -1 -1 -1 
98 2 190 344 113 240 -1 -1 -1 -1 
98 3 817 366 100 218 -1 -1 -1 -1 
98 4 327 334 77 140 -1 -1 -1 -1 
99 1 567 114 87 135 -1 -1 -1 -1 
99 2 185 346 104 239 -1 -1 -1 -1 
99 3 816 366 101 219 -1 -1 -1 -1 
99 4 320 334 81 136 -1 -1 -1 -1 
100 1 564 111 86 136 -1 -1 -1 -1 
100 2 183 347 104 237 -1 -1 -1 -1 
100 3 816 366 101 219 -1 -1 -1 -1 
100 4 314 330 87 137 -1 -1 -1 -1 
101 1 562 109 80 136 -1 -1 -1 -1 
101 2 179 347 105 235 -1 -1 -1 -1 
101 3 818 366 100 218 -1 -1 -1 -1 
101 4 313 329 79 134 -1 -1 -1 -1 
102 1 558 107 77 137 -1 -1 -1 -1 
102 2 178 348 100 234 -1 -1 -1 -1 
102 3 819 366 99 218 -1 -1 -1 -1 
102 4 308 329 79 130 -1 -1 -1 -1 
102 7 437 396 21 30 -1 -1 -1 -1 
103 1 555 106 74 137 -1 -1 -1 -1 
103 2 177 349 98 233 -1 -1 -1 -1 
103 3 819 367 99 217 -1 -1 -1 -1 
103 4 303 315 82 142 -1 -1 -1 -1 
103 7 451 382 21 29 -1 -1 -1 -1 
104 1 550 107 77 135 -1 -1 -1 -1 
104 2 176 349 95 231 -1 -1 -1 -1 
104 3 819 367 99 217 -1 -1 -1 -1 
104 4 298 314 79 141 -1 -1 -1 -1 
104 7 464 367 20 29 -1 -1 -1 -1 
105 1 547 107 77 134 -1 -1 -1 -1 
105 2 174 349 98 233 -1 -1 -1 -1 
105 3 819 367 99 217 -1 -1 -1 -1 
105 4 292 312 80 140 -1 -1 -1 -1 
105 5 1089 71 56 142 -1 -1 -1 -1 
105 7 477 354 20 28 -1 -1 -1 -1 
106 1 542 108 80 130 -1 -1 -1 -1 
106 2 170 350 104 232 -1 -1 -1 -1 
106 3 819 367 100 217 -1 -1 -1 -1 
106 4 286 308 80 140 -1 -1 -1 -1 
106 5 1089 71 56 142 -1 -1 -1 -1 
106 7 490 341 20 31 -1 -1 -1 -1 
107 1 538 110 81 127 -1 -1 -1 -1 
107 2 164 348 110 234 -1 -1 -1 -1 
107 3 818 367 101 217 -1 -1 -1 -1 
107 4 279 315 75 131 -1 -1 -1 -1 
107 5 1090 71 55 142 -1 -1 -1 -1 
107 7 503 332 20 29 -1 -1 -1 -1 
108 1 531 113 85 123 -1 -1 -1 -1 
108 2 156 346 113 232 -1 -1 -1 -1 
108 3 818 367 101 217 -1 -1 -1 -1 
108 4 272 312 77 133 -1 -1 -1 -1 
108 5 1089 71 56 143 -1 -1 -1 -1 
108 7 515 325 21 27 -1 -1 -1 -1 
109 1 523 114 91 124 -1 -1 -1 -1 
109 2 147 347 116 229 -1 -1 -1 -1 
109 3 818 368 101 216 -1 -1 -1 -1 
109 4 266 310 86 131 -1 -1 -1 -1 
109 5 1089 71 56 143 -1 -1 -1 -1 
109 7 528 318 19 28 -1 -1 -1 -1 
110 1 513 116 99 121 -1 -1 -1 -1 
110 2 149 343 110 231 -1 -1 -1 -1 
110 3 819 368 100 216 -1 -1 -1 -1 
110 4 260 310 95 121 -1 -1 -1 -1 
110 5 1089 71 56 143 -1 -1 -1 -1 
110 7 540 311 19 30 -1 -1 -1 -1 
111 1 501 118 109 120 -1 -1 -1 -1 
111 2 158 340 93 233 -1 -1 -1 -1 
111 3 817 368 102 215 -1 -1 -1 -1 
111 4 254 310 96 116 -1 -1 -1 -1 
111 5 1089 71 56 143 -1 -1 -1 -1 
111 7 552 308 19 26 -1 -1 -1 -1 
112 1 494 118 114 120 -1 -1 -1 -1 
112 2 154 338 93 233 -1 -1 -1 -1 
112 3 817 368 103 215 -1 -1 -1 -1 
112 4 244 310 97 114 -1 -1 -1 -1 
112 5 1089 71 56 143 -1 -1 -1 -1 
112 7 563 306 19 26 -1 -1 -1 -1 
113 1 496 123 102 115 -1 -1 -1 -1 
113 2 145 335 95 236 -1 -1 -1 -1 
113 3 817 369 103 214 -1 -1 -1 -1 
113 4 237 311 91 121 -1 -1 -1 -1 
113 5 1089 70 56 144 -1 -1 -1 -1 
113 7 574 304 19 27 -1 -1 -1 -1 
114 1 488 127 103 111 -1 -1 -1 -1 
114 2 141 339 91 233 -1 -1 -1 -1 
114 3 817 370 103 213 -1 -1 -1 -1 
114 4 230 313 87 130 -1 -1 -1 -1 
114 5 1089 71 56 143 -1 -1 -1 -1 
114 7 586 303 19 28 -1 -1 -1 -1 
115 1 486 129 99 108 -1 -1 -1 -1 
115 2 141 338 86 235 -1 -1 -1 -1 
115 3 817 371 104 212 -1 -1 -1 -1 
115 4 222 311 85 137 -1 -1 -1 -1 
115 5 1089 70 56 144 -1 -1 -1 -1 
115 7 596 300 18 28 -1 -1 -1 -1 
116 1 483 133 103 104 -1 -1 -1 -1 
116 2 139 337 84 237 -1 -1 -1 -1 
116 3 817 371 104 212 -1 -1 -1 -1 
116 4 222 311 85 137 -1 -1 -1 -1 
116 5 1089 71 56 143 -1 -1 -1 -1 
117 1 483 135 103 103 -1 -1 -1 -1 
117 2 140 335 77 239 -1 -1 -1 -1 
117 3 818 372 103 211 -1 -1 -1 -1 
117 5 1089 70 56 144 -1 -1 -1 -1 
117 7 614 277 18 26 -1 -1 -1 -1 
118 1 483 137 104 101 -1 -1 -1 -1 
118 2 141 334 74 240 -1 -1 -1 -1 
118 3 818 372 103 211 -1 -1 -1 -1 
118 5 1090 70 55 144 -1 -1 -1 -1 
118 7 623 268 17 27 -1 -1 -1 -1 
119 1 484 140 106 100 -1 -1 -1 -1 
119 2 137 333 73 241 -1 -1 -1 -1 
119 3 818 372 103 211 -1 -1 -1 -1 
119 5 1090 70 55 144 -1 -1 -1 -1 
119 7 631 256 19 28 -1 -1 -1 -1 
120 1 484 143 112 98 -1 -1 -1 -1 
120 2 134 328 86 247 -1 -1 -1 -1 
120 3 818 373 103 210 -1 -1 -1 -1 
120 5 1089 70 56 144 -1 -1 -1 -1 
120 7 639 252 17 26 -1 -1 -1 -1 
121 1 484 148 117 93 -1 -1 -1 -1 
121 2 127 325 87 249 -1 -1 -1 -1 
121 3 818 373 103 210 -1 -1 -1 -1 
121 5 1089 71 56 143 -1 -1 -1 -1 
121 7 647 246 18 24 -1 -1 -1 -1 
122 1 487 152 119 89 -1 -1 -1 -1 
122 2 120 318 101 256 -1 -1 -1 -1 
122 3 818 374 103 209 -1 -1 -1 -1 
122 5 1090 71 55 143 -1 -1 -1 -1 
122 7 656 242 16 24 -1 -1 -1 -1 
123 1 484 156 132 87 -1 -1 -1 -1 
123 2 115 313 117 262 -1 -1 -1 -1 
123 3 817 374 105 208 -1 -1 -1 -1 
123 5 1090 71 55 143 -1 -1 -1 -1 
124 1 481 157 147 85 -1 -1 -1 -1 
124 2 111 306 116 270 -1 -1 -1 -1 
124 3 817 375 105 208 -1 -1 -1 -1 
124 7 671 234 17 27 -1 -1 -1 -1 
125 1 484 161 157 81 -1 -1 -1 -1 
125 2 105 295 117 281 -1 -1 -1 -1 
125 3 817 375 105 208 -1 -1 -1 -1 
125 7 679 234 16 25 -1 -1 -1 -1 
126 1 482 168 164 72 -1 -1 -1 -1 
126 2 101 305 106 270 -1 -1 -1 -1 
126 3 817 375 105 207 -1 -1 -1 -1 
126 7 686 233 16 25 -1 -1 -1 -1 
127 1 479 179 126 63 -1 -1 -1 -1 
127 2 95 308 111 268 -1 -1 -1 -1 
127 3 817 375 105 207 -1 -1 -1 -1 
127 7 693 233 17 27 -1 -1 -1 -1 
127 9 553 197 17 26 -1 -1 -1 -1 
128 1 486 177 130 65 -1 -1 -1 -1 
128 2 91 306 116 271 -1 -1 -1 -1 
128 3 817 375 105 207 -1 -1 -1 -1 
128 7 700 229 17 25 -1 -1 -1 -1 
128 9 560 196 16 28 -1 -1 -1 -1 
129 1 496 175 154 72 -1 -1 -1 -1 
129 2 82 304 130 275 -1 -1 -1 -1 
129 3 817 375 105 207 -1 -1 -1 -1 
129 7 708 219 16 25 -1 -1 -1 -1 
129 9 572 200 16 30 -1 -1 -1 -1 
130 1 504 188 150 56 -1 -1 -1 -1 
130 2 78 305 135 274 -1 -1 -1 -1 
130 3 817 375 105 207 -1 -1 -1 -1 
130 7 716 211 16 24 -1 -1 -1 -1 
130 9 580 208 13 28 -1 -1 -1 -1 
131 1 502 197 151 48 -1 -1 -1 -1 
131 2 80 306 128 272 -1 -1 -1 -1 
131 3 817 375 105 207 -1 -1 -1 -1 
131 7 722 205 15 24 -1 -1 -1 -1 
131 9 582 208 19 29 -1 -1 -1 -1 
132 1 501 196 189 52 -1 -1 -1 -1 
132 2 80 306 124 272 -1 -1 -1 -1 
132 3 818 375 104 207 -1 -1 -1 -1 
132 7 730 199 15 23 -1 -1 -1 -1 
133 1 512 190 184 60 -1 -1 -1 -1 
133 2 80 307 122 271 -1 -1 -1 -1 
133 3 817 375 105 207 -1 -1 -1 -1 
133 7 737 194 15 23 -1 -1 -1 -1 
133 9 607 217 18 30 -1 -1 -1 -1 
134 1 529 184 166 66 -1 -1 -1 -1 
134 2 81 309 121 270 -1 -1 -1 -1 
134 3 817 374 105 208 -1 -1 -1 -1 
134 5 1089 70 56 144 -1 -1 -1 -1 
134 7 743 190 15 23 -1 -1 -1 -1 
134 9 610 219 15 24 -1 -1 -1 -1 
135 1 534 179 164 71 -1 -1 -1 -1 
135 2 80 310 121 269 -1 -1 -1 -1 
135 3 818 374 104 208 -1 -1 -1 -1 
135 5 1089 70 56 144 -1 -1 -1 -1 
135 7 751 188 14 23 -1 -1 -1 -1 
135 9 612 222 16 24 -1 -1 -1 -1 
136 1 533 174 169 77 -1 -1 -1 -1 
136 2 79 305 120 274 -1 -1 -1 -1 
136 3 817 374 105 208 -1 -1 -1 -1 
136 5 1089 70 56 144 -1 -1 -1 -1 
136 7 756 186 16 25 -1 -1 -1 -1 
136 9 613 223 18 25 -1 -1 -1 -1 
137 1 531 168 175 82 -1 -1 -1 -1 
137 2 77 308 126 272 -1 -1 -1 -1 
137 3 818 374 105 208 -1 -1 -1 -1 
137 5 1089 70 56 144 -1 -1 -1 -1 
137 7 763 186 15 23 -1 -1 -1 -1 
137 9 614 222 18 26 -1 -1 -1 -1 
138 1 534 166 176 83 -1 -1 -1 -1 
138 2 77 308 126 272 -1 -1 -1 -1 
138 3 818 373 104 209 -1 -1 -1 -1 
138 5 1089 70 56 144 -1 -1 -1 -1 
138 7 769 184 15 25 -1 -1 -1 -1 
138 9 619 223 16 25 -1 -1 -1 -1 
139 1 528 162 184 87 -1 -1 -1 -1 
139 3 818 373 104 209 -1 -1 -1 -1 
139 5 1089 70 56 144 -1 -1 -1 -1 
139 7 773 173 16 24 -1 -1 -1 -1 
139 9 621 224 16 24 -1 -1 -1 -1 
140 1 526 158 186 92 -1 -1 -1 -1 
140 3 818 373 104 209 -1 -1 -1 -1 
140 5 1089 70 56 145 -1 -1 -1 -1 
140 7 776 160 17 24 -1 -1 -1 -1 
141 1 530 163 184 87 -1 -1 -1 -1 
141 3 818 373 104 209 -1 -1 -1 -1 
141 5 1089 70 56 145 -1 -1 -1 -1 
141 7 778 148 16 24 -1 -1 -1 -1 
142 1 532 172 183 79 -1 -1 -1 -1 
142 3 818 373 104 209 -1 -1 -1 -1 
142 5 1089 70 56 145 -1 -1 -1 -1 
142 7 779 139 16 25 -1 -1 -1 -1 
143 1 530 183 185 69 -1 -1 -1 -1 
143 3 818 373 104 209 -1 -1 -1 -1 
143 5 1089 70 56 145 -1 -1 -1 -1 
143 7 780 131 16 24 -1 -1 -1 -1 
143 9 557 182 13 19 -1 -1 -1 -1 
144 1 527 195 189 58 -1 -1 -1 -1 
144 3 818 373 104 209 -1 -1 -1 -1 
144 5 1089 70 56 145 -1 -1 -1 -1 
144 7 781 125 15 24 -1 -1 -1 -1 
144 9 554 192 13 19 -1 -1 -1 -1 
145 1 526 207 191 47 -1 -1 -1 -1 
145 3 818 372 104 210 -1 -1 -1 -1 
145 5 1089 70 56 145 -1 -1 -1 -1 
145 7 781 118 16 24 -1 -1 -1 -1 
145 9 556 203 15 22 -1 -1 -1 -1 
146 1 533 213 194 43 -1 -1 -1 -1 
146 3 819 372 103 210 -1 -1 -1 -1 
146 5 1089 70 56 145 -1 -1 -1 -1 
146 7 782 115 16 22 -1 -1 -1 -1 
147 1 537 214 190 44 -1 -1 -1 -1 
147 2 77 301 103 293 -1 -1 -1 -1 
147 3 819 372 103 210 -1 -1 -1 -1 
147 5 1089 70 56 145 -1 -1 -1 -1 
147 7 784 113 14 21 -1 -1 -1 -1 
148 1 535 214 191 45 -1 -1 -1 -1 
148 2 77 300 103 293 -1 -1 -1 -1 
148 3 819 372 103 210 -1 -1 -1 -1 
148 5 1089 70 56 145 -1 -1 -1 -1 
148 7 784 110 13 21 -1 -1 -1 -1 
149 1 538 214 187 46 -1 -1 -1 -1 
149 2 77 297 103 295 -1 -1 -1 -1 
149 3 819 372 102 210 -1 -1 -1 -1 
149 5 1089 69 56 146 -1 -1 -1 -1 
149 7 784 109 13 20 -1 -1 -1 -1 
150 1 540 214 184 46 -1 -1 -1 -1 
150 2 76 295 104 296 -1 -1 -1 -1 
150 3 819 372 102 210 -1 -1 -1 -1 
150 5 1089 69 56 147 -1 -1 -1 -1 
150 7 785 107 13 20 -1 -1 -1 -1 
151 1 537 214 186 46 -1 -1 -1 -1 
151 2 76 295 104 296 -1 -1 -1 -1 
151 3 819 372 102 210 -1 -1 -1 -1 
151 5 1089 69 56 147 -1 -1 -1 -1 
152 1 536 214 188 46 -1 -1 -1 -1 
152 2 76 290 107 301 -1 -1 -1 -1 
152 3 819 372 102 210 -1 -1 -1 -1 
152 5 1089 69 56 147 -1 -1 -1 -1 
152 7 787 107 13 20 -1 -1 -1 -1 
153 1 535 215 188 45 -1 -1 -1 -1 
153 2 76 290 107 301 -1 -1 -1 -1 
153 3 819 372 103 210 -1 -1 -1 -1 
154 1 534 215 189 45 -1 -1 -1 -1 
154 3 819 372 103 210 -1 -1 -1 -1 
154 5 1089 70 56 145 -1 -1 -1 -1 
154 7 785 114 15 22 -1 -1 -1 -1 
155 1 534 215 190 45 -1 -1 -1 -1 
155 2 79 298 118 291 -1 -1 -1 -1 
155 3 819 371 104 211 -1 -1 -1 -1 
155 5 1089 70 56 145 -1 -1 -1 -1 
155 7 784 118 17 25 -1 -1 -1 -1 
156 1 534 215 190 45 -1 -1 -1 -1 
156 2 80 314 128 273 -1 -1 -1 -1 
156 3 819 371 104 211 -1 -1 -1 -1 
156 5 1090 70 54 145 -1 -1 -1 -1 
156 7 784 125 16 26 -1 -1 -1 -1 
157 1 534 215 190 45 -1 -1 -1 -1 
157 2 81 312 128 275 -1 -1 -1 -1 
157 3 819 371 104 211 -1 -1 -1 -1 
157 5 1089 70 55 145 -1 -1 -1 -1 
157 7 783 134 16 24 -1 -1 -1 -1 
158 1 534 215 190 45 -1 -1 -1 -1 
158 2 83 326 125 257 -1 -1 -1 -1 
158 3 819 371 104 211 -1 -1 -1 -1 
158 5 1089 70 54 145 -1 -1 -1 -1 
158 7 783 143 15 24 -1 -1 -1 -1 
159 1 535 215 189 45 -1 -1 -1 -1 
159 2 85 332 131 254 -1 -1 -1 -1 
159 3 819 371 104 211 -1 -1 -1 -1 
159 5 1090 69 52 147 -1 -1 -1 -1 
159 7 782 154 15 24 -1 -1 -1 -1 
160 1 536 215 189 45 -1 -1 -1 -1 
160 2 91 334 131 252 -1 -1 -1 -1 
160 3 819 370 105 212 -1 -1 -1 -1 
160 5 1090 69 51 147 -1 -1 -1 -1 
160 7 780 165 17 23 -1 -1 -1 -1 
161 1 536 215 188 45 -1 -1 -1 -1 
161 2 102 334 125 252 -1 -1 -1 -1 
161 3 819 370 106 213 -1 -1 -1 -1 
161 5 1090 69 50 147 -1 -1 -1 -1 
161 7 780 176 16 24 -1 -1 -1 -1 
162 1 537 215 186 45 -1 -1 -1 -1 
162 2 114 335 120 252 -1 -1 -1 -1 
162 3 820 370 106 214 -1 -1 -1 -1 
162 5 1091 69 49 147 -1 -1 -1 -1 
162 7 779 189 15 24 -1 -1 -1 -1 
163 1 537 215 186 45 -1 -1 -1 -1 
163 2 118 336 120 251 -1 -1 -1 -1 
163 3 820 370 106 213 -1 -1 -1 -1 
163 5 1091 68 48 148 -1 -1 -1 -1 
163 7 778 192 16 25 -1 -1 -1 -1 
164 1 538 215 186 45 -1 -1 -1 -1 
164 2 119 336 121 252 -1 -1 -1 -1 
164 3 820 371 105 214 -1 -1 -1 -1 
164 5 1091 69 48 147 -1 -1 -1 -1 
164 7 778 187 16 24 -1 -1 -1 -1 
165 1 538 215 186 45 -1 -1 -1 -1 
165 2 121 338 120 251 -1 -1 -1 -1 
165 3 820 371 106 213 -1 -1 -1 -1 
165 5 1091 69 47 147 -1 -1 -1 -1 
165 7 777 180 18 24 -1 -1 -1 -1 
166 1 538 215 185 45 -1 -1 -1 -1 
166 2 128 338 115 250 -1 -1 -1 -1 
166 3 822 369 105 214 -1 -1 -1 -1 
166 5 1091 69 47 147 -1 -1 -1 -1 
166 7 776 173 17 25 -1 -1 -1 -1 
167 1 539 215 185 45 -1 -1 -1 -1 
167 2 129 342 115 244 -1 -1 -1 -1 
167 3 823 369 104 214 -1 -1 -1 -1 
167 5 1092 70 46 146 -1 -1 -1 -1 
167 7 777 171 15 24 -1 -1 -1 -1 
167 14 90 251 66 173 -1 -1 -1 -1 
168 1 538 215 186 44 -1 -1 -1 -1 
168 2 132 342 116 244 -1 -1 -1 -1 
168 3 822 370 107 214 -1 -1 -1 -1 
168 5 1092 69 46 147 -1 -1 -1 -1 
168 7 776 165 17 24 -1 -1 -1 -1 
168 14 87 252 70 172 -1 -1 -1 -1 
169 1 539 215 185 44 -1 -1 -1 -1 
169 2 140 339 111 247 -1 -1 -1 -1 
169 3 821 370 110 215 -1 -1 -1 -1 
169 5 1091 69 48 146 -1 -1 -1 -1 
169 7 775 163 17 23 -1 -1 -1 -1 
169 14 85 254 72 171 -1 -1 -1 -1 
170 1 539 216 185 43 -1 -1 -1 -1 
170 2 152 342 100 243 -1 -1 -1 -1 
170 3 820 370 113 215 -1 -1 -1 -1 
170 5 1091 70 48 145 -1 -1 -1 -1 
170 7 775 160 16 24 -1 -1 -1 -1 
170 14 82 255 75 170 -1 -1 -1 -1 
171 1 538 216 185 43 -1 -1 -1 -1 
171 2 159 342 95 244 -1 -1 -1 -1 
171 3 822 370 115 215 -1 -1 -1 -1 
171 5 1090 70 49 144 -1 -1 -1 -1 
171 7 774 159 16 24 -1 -1 -1 -1 
171 14 81 255 75 172 -1 -1 -1 -1 
172 1 538 216 184 43 -1 -1 -1 -1 
172 2 170 343 87 242 -1 -1 -1 -1 
172 3 820 370 122 216 -1 -1 -1 -1 
172 5 1089 70 51 144 -1 -1 -1 -1 
172 7 774 158 16 24 -1 -1 -1 -1 
172 14 81 255 75 173 -1 -1 -1 -1 
173 1 537 216 185 43 -1 -1 -1 -1 
173 2 182 340 79 243 -1 -1 -1 -1 
173 3 823 370 124 216 -1 -1 -1 -1 
173 5 1089 69 51 146 -1 -1 -1 -1 
173 7 774 158 16 24 -1 -1 -1 -1 
173 14 82 254 75 174 -1 -1 -1 -1 
174 1 538 216 184 43 -1 -1 -1 -1 
174 2 189 340 77 244 -1 -1 -1 -1 
174 3 829 371 120 214 -1 -1 -1 -1 
174 5 1088 69 53 146 -1 -1 -1 -1 
174 7 773 159 16 24 -1 -1 -1 -1 
174 14 83 254 77 175 -1 -1 -1 -1 
175 1 538 216 184 43 -1 -1 -1 -1 
175 2 200 339 69 246 -1 -1 -1 -1 
175 3 833 371 119 215 -1 -1 -1 -1 
175 5 1087 69 54 146 -1 -1 -1 -1 
175 7 773 160 16 24 -1 -1 -1 -1 
175 14 81 253 80 177 -1 -1 -1 -1 
176 1 538 215 185 44 -1 -1 -1 -1 
176 2 206 341 69 242 -1 -1 -1 -1 
176 3 839 371 113 217 -1 -1 -1 -1 
176 5 1087 69 55 145 -1 -1 -1 -1 
176 7 772 163 17 24 -1 -1 -1 -1 
176 14 81 252 85 179 -1 -1 -1 -1 
177 1 539 215 184 45 -1 -1 -1 -1 
177 2 213 343 67 240 -1 -1 -1 -1 
177 3 845 371 112 218 -1 -1 -1 -1 
177 5 1087 70 55 144 -1 -1 -1 -1 
177 7 772 166 16 26 -1 -1 -1 -1 
177 14 83 252 83 179 -1 -1 -1 -1 
178 1 539 215 183 45 -1 -1 -1 -1 
178 2 215 344 71 238 -1 -1 -1 -1 
178 3 851 371 104 218 -1 -1 -1 -1 
178 5 1087 70 55 144 -1 -1 -1 -1 
178 7 772 169 16 27 -1 -1 -1 -1 
178 14 86 252 79 178 -1 -1 -1 -1 
178 16 1017 76 54 142 -1 -1 -1 -1 
179 1 540 215 183 45 -1 -1 -1 -1 
179 2 215 344 83 239 -1 -1 -1 -1 
179 3 853 372 105 216 -1 -1 -1 -1 
179 5 1087 70 55 143 -1 -1 -1 -1 
179 7 772 175 16 25 -1 -1 -1 -1 
179 14 90 253 75 177 -1 -1 -1 -1 
179 16 1018 76 54 142 -1 -1 -1 -1 
180 1 540 215 184 45 -1 -1 -1 -1 
180 2 217 345 94 240 -1 -1 -1 -1 
180 3 857 374 103 214 -1 -1 -1 -1 
180 5 1087 70 55 143 -1 -1 -1 -1 
180 7 771 182 16 25 -1 -1 -1 -1 
180 14 91 255 74 175 -1 -1 -1 -1 
180 16 1018 76 54 142 -1 -1 -1 -1 
181 1 539 215 185 45 -1 -1 -1 -1 
181 2 216 345 105 239 -1 -1 -1 -1 
181 3 862 374 101 215 -1 -1 -1 -1 
181 5 1087 70 55 142 -1 -1 -1 -1 
181 7 772 188 15 25 -1 -1 -1 -1 
181 14 92 255 73 174 -1 -1 -1 -1 
181 16 1018 76 55 142 -1 -1 -1 -1 
182 1 539 215 185 45 -1 -1 -1 -1 
182 2 216 343 118 240 -1 -1 -1 -1 
182 3 867 375 101 214 -1 -1 -1 -1 
182 5 1087 70 55 143 -1 -1 -1 -1 
182 7 771 187 16 26 -1 -1 -1 -1 
182 14 91 256 73 173 -1 -1 -1 -1 
182 16 1018 77 54 142 -1 -1 -1 -1 
183 1 540 215 184 45 -1 -1 -1 -1 
183 2 217 344 123 240 -1 -1 -1 -1 
183 3 874 374 95 214 -1 -1 -1 -1 
183 5 1087 71 54 143 -1 -1 -1 -1 
183 7 771 185 16 24 -1 -1 -1 -1 
183 14 91 258 74 171 -1 -1 -1 -1 
184 1 539 215 185 45 -1 -1 -1 -1 
184 2 221 345 122 240 -1 -1 -1 -1 
184 3 879 372 91 216 -1 -1 -1 -1 
184 5 1087 71 54 143 -1 -1 -1 -1 
184 7 771 184 15 24 -1 -1 -1 -1 
184 14 92 260 74 170 -1 -1 -1 -1 
185 1 539 215 185 44 -1 -1 -1 -1 
185 2 229 345 117 238 -1 -1 -1 -1 
185 3 883 373 90 214 -1 -1 -1 -1 
185 5 1087 72 54 142 -1 -1 -1 -1 
185 7 771 183 16 25 -1 -1 -1 -1 
185 14 92 262 74 169 -1 -1 -1 -1 
186 1 539 215 184 44 -1 -1 -1 -1 
186 2 236 344 112 238 -1 -1 -1 -1 
186 3 888 372 87 215 -1 -1 -1 -1 
186 5 1087 72 53 142 -1 -1 -1 -1 
186 7 771 184 15 23 -1 -1 -1 -1 
187 1 539 215 185 44 -1 -1 -1 -1 
187 2 246 343 100 238 -1 -1 -1 -1 
187 3 897 370 79 217 -1 -1 -1 -1 
187 5 1086 71 54 142 -1 -1 -1 -1 
187 7 771 185 15 24 -1 -1 -1 -1 
188 1 539 215 185 45 -1 -1 -1 -1 
188 2 259 342 86 239 -1 -1 -1 -1 
188 3 903 372 76 213 -1 -1 -1 -1 
188 5 1086 72 53 141 -1 -1 -1 -1 
188 7 771 186 15 24 -1 -1 -1 -1 
188 14 89 264 79 176 -1 -1 -1 -1 
189 1 539 215 184 45 -1 -1 -1 -1 
189 2 271 341 78 241 -1 -1 -1 -1 
189 3 908 371 74 214 -1 -1 -1 -1 
189 5 1086 72 52 142 -1 -1 -1 -1 
189 7 771 189 15 25 -1 -1 -1 -1 
189 14 90 263 79 181 -1 -1 -1 -1 
190 1 539 215 184 45 -1 -1 -1 -1 
190 2 283 340 70 242 -1 -1 -1 -1 
190 3 909 370 77 218 -1 -1 -1 -1 
190 5 1086 72 51 143 -1 -1 -1 -1 
190 7 771 189 15 25 -1 -1 -1 -1 
190 14 92 263 77 182 -1 -1 -1 -1 
191 1 539 215 185 45 -1 -1 -1 -1 
191 2 297 339 58 245 -1 -1 -1 -1 
191 3 911 369 76 220 -1 -1 -1 -1 
191 5 1087 71 48 144 -1 -1 -1 -1 
191 7 770 188 15 24 -1 -1 -1 -1 
191 14 93 262 75 179 -1 -1 -1 -1 
192 1 540 215 185 45 -1 -1 -1 -1 
192 2 303 341 52 241 -1 -1 -1 -1 
192 3 914 370 75 218 -1 -1 -1 -1 
192 5 1087 71 47 144 -1 -1 -1 -1 
192 7 770 188 15 24 -1 -1 -1 -1 
192 14 95 262 73 181 -1 -1 -1 -1 
193 1 540 215 185 45 -1 -1 -1 -1 
193 2 308 341 51 241 -1 -1 -1 -1 
193 3 918 369 73 220 -1 -1 -1 -1 
193 5 1086 71 47 145 -1 -1 -1 -1 
193 7 770 188 15 24 -1 -1 -1 -1 
193 14 96 262 71 183 -1 -1 -1 -1 
194 1 540 215 184 45 -1 -1 -1 -1 
194 2 312 340 60 242 -1 -1 -1 -1 
194 3 920 369 73 219 -1 -1 -1 -1 
194 5 1085 70 47 147 -1 -1 -1 -1 
194 7 769 189 16 25 -1 -1 -1 -1 
194 14 98 262 68 184 -1 -1 -1 -1 
195 1 539 216 186 43 -1 -1 -1 -1 
195 2 313 340 74 242 -1 -1 -1 -1 
195 3 923 369 72 220 -1 -1 -1 -1 
195 5 1085 71 45 146 -1 -1 -1 -1 
195 7 769 190 16 25 -1 -1 -1 -1 
195 14 98 262 68 184 -1 -1 -1 -1 
196 1 540 216 184 43 -1 -1 -1 -1 
196 2 313 342 89 240 -1 -1 -1 -1 
196 3 925 371 70 218 -1 -1 -1 -1 
196 5 1084 71 45 146 -1 -1 -1 -1 
196 7 769 190 15 24 -1 -1 -1 -1 
196 14 100 262 65 184 -1 -1 -1 -1 
197 1 541 216 183 43 -1 -1 -1 -1 
197 2 313 342 105 242 -1 -1 -1 -1 
197 3 926 372 70 217 -1 -1 -1 -1 
197 5 1083 72 45 144 -1 -1 -1 -1 
197 7 769 190 15 23 -1 -1 -1 -1 
197 14 100 263 65 183 -1 -1 -1 -1 
198 1 541 216 183 43 -1 -1 -1 -1 
198 2 313 343 116 241 -1 -1 -1 -1 
198 3 927 370 71 218 -1 -1 -1 -1 
198 5 1083 71 45 147 -1 -1 -1 -1 
198 7 769 190 15 24 -1 -1 -1 -1 
198 14 97 264 69 183 -1 -1 -1 -1 
199 1 540 216 184 43 -1 -1 -1 -1 
199 2 312 343 127 240 -1 -1 -1 -1 
199 3 931 370 70 217 -1 -1 -1 -1 
199 5 1082 70 45 149 -1 -1 -1 -1 
199 7 768 190 16 25 -1 -1 -1 -1 
199 14 93 264 75 183 -1 -1 -1 -1 
200 1 541 216 183 43 -1 -1 -1 -1 
200 2 315 343 125 239 -1 -1 -1 -1 
200 3 935 370 70 218 -1 -1 -1 -1 
200 5 1081 70 46 150 -1 -1 -1 -1 
200 7 768 190 15 25 -1 -1 -1 -1 
200 14 92 264 76 182 -1 -1 -1 -1 
201 1 541 216 183 43 -1 -1 -1 -1 
201 2 317 344 127 237 -1 -1 -1 -1 
201 3 936 370 71 219 -1 -1 -1 -1 
201 5 1081 70 45 151 -1 -1 -1 -1 
201 7 768 190 15 25 -1 -1 -1 -1 
201 14 92 264 76 182 -1 -1 -1 -1 
201 16 1018 82 50 140 -1 -1 -1 -1 
202 1 541 216 183 43 -1 -1 -1 -1 
202 2 320 345 129 236 -1 -1 -1 -1 
202 3 938 371 70 215 -1 -1 -1 -1 
202 5 1080 69 46 152 -1 -1 -1 -1 
202 7 768 191 15 24 -1 -1 -1 -1 
202 16 1018 82 50 140 -1 -1 -1 -1 
203 1 541 216 183 43 -1 -1 -1 -1 
203 2 327 345 126 237 -1 -1 -1 -1 
203 3 942 370 68 217 -1 -1 -1 -1 
203 5 1082 68 42 157 -1 -1 -1 -1 
203 7 768 192 15 24 -1 -1 -1 -1 
204 1 540 216 184 43 -1 -1 -1 -1 
204 2 329 344 128 239 -1 -1 -1 -1 
204 3 946 370 68 211 -1 -1 -1 -1 
204 5 1082 69 42 157 -1 -1 -1 -1 
204 7 768 192 14 24 -1 -1 -1 -1 
205 1 540 216 184 43 -1 -1 -1 -1 
205 2 340 345 115 238 -1 -1 -1 -1 
205 3 948 370 71 209 -1 -1 -1 -1 
205 5 1082 70 42 156 -1 -1 -1 -1 
205 7 767 192 15 24 -1 -1 -1 -1 
206 1 540 216 184 43 -1 -1 -1 -1 
206 2 351 345 106 234 -1 -1 -1 -1 
206 3 950 369 71 206 -1 -1 -1 -1 
206 5 1081 71 43 153 -1 -1 -1 -1 
206 7 767 192 15 24 -1 -1 -1 -1 
207 1 541 216 183 43 -1 -1 -1 -1 
207 2 368 344 89 235 -1 -1 -1 -1 
207 3 953 368 71 207 -1 -1 -1 -1 
207 5 1080 71 44 153 -1 -1 -1 -1 
207 7 766 192 15 25 -1 -1 -1 -1 
208 1 541 216 182 44 -1 -1 -1 -1 
208 2 380 344 76 235 -1 -1 -1 -1 
208 3 955 366 71 205 -1 -1 -1 -1 
208 5 1082 71 41 154 -1 -1 -1 -1 
208 7 766 192 15 25 -1 -1 -1 -1 
209 1 539 216 184 44 -1 -1 -1 -1 
209 2 394 344 64 236 -1 -1 -1 -1 
209 3 956 366 74 207 -1 -1 -1 -1 
209 5 1082 72 40 153 -1 -1 -1 -1 
209 7 766 192 15 25 -1 -1 -1 -1 
210 1 540 216 184 44 -1 -1 -1 -1 
210 2 407 343 53 238 -1 -1 -1 -1 
210 3 959 367 75 210 -1 -1 -1 -1 
210 5 1082 74 40 150 -1 -1 -1 -1 
210 7 765 192 15 25 -1 -1 -1 -1 
211 1 540 216 185 44 -1 -1 -1 -1 
211 2 413 342 54 239 -1 -1 -1 -1 
211 3 962 367 74 207 -1 -1 -1 -1 
211 5 1082 75 39 148 -1 -1 -1 -1 
211 7 765 192 15 25 -1 -1 -1 -1 
211 14 92 266 69 203 -1 -1 -1 -1 
211 16 1013 81 48 147 -1 -1 -1 -1 
212 1 540 216 185 44 -1 -1 -1 -1 
212 2 417 342 58 238 -1 -1 -1 -1 
212 3 964 368 74 206 -1 -1 -1 -1 
212 5 1081 77 40 146 -1 -1 -1 -1 
212 7 765 192 15 25 -1 -1 -1 -1 
212 14 91 266 75 205 -1 -1 -1 -1 
212 16 1011 85 46 139 -1 -1 -1 -1 
213 1 540 216 184 44 -1 -1 -1 -1 
213 2 418 343 71 237 -1 -1 -1 -1 
213 3 965 369 79 201 -1 -1 -1 -1 
213 5 1080 77 40 145 -1 -1 -1 -1 
213 7 765 193 15 24 -1 -1 -1 -1 
213 14 95 266 75 205 -1 -1 -1 -1 
214 1 540 216 184 44 -1 -1 -1 -1 
214 2 419 343 85 239 -1 -1 -1 -1 
214 3 965 373 85 196 -1 -1 -1 -1 
214 5 1080 77 40 146 -1 -1 -1 -1 
214 7 764 193 16 24 -1 -1 -1 -1 
214 14 94 267 82 203 -1 -1 -1 -1 
215 1 540 216 184 44 -1 -1 -1 -1 
215 2 420 342 100 240 -1 -1 -1 -1 
215 3 968 377 87 192 -1 -1 -1 -1 
215 5 1080 77 40 146 -1 -1 -1 -1 
215 7 764 193 15 24 -1 -1 -1 -1 
216 1 540 216 184 44 -1 -1 -1 -1 
216 2 420 343 112 240 -1 -1 -1 -1 
216 3 971 382 88 187 -1 -1 -1 -1 
216 7 763 193 16 24 -1 -1 -1 -1 
216 14 94 266 91 203 -1 -1 -1 -1 
217 1 541 216 182 44 -1 -1 -1 -1 
217 2 421 344 117 237 -1 -1 -1 -1 
217 3 973 388 90 180 -1 -1 -1 -1 
217 7 763 193 16 24 -1 -1 -1 -1 
217 14 96 265 92 204 -1 -1 -1 -1 
218 1 541 216 182 44 -1 -1 -1 -1 
218 2 423 345 122 235 -1 -1 -1 -1 
218 3 974 394 92 173 -1 -1 -1 -1 
218 5 1009 82 50 148 -1 -1 -1 -1 
218 7 763 193 15 24 -1 -1 -1 -1 
218 14 91 266 99 200 -1 -1 -1 -1 
218 19 527 219 119 41 -1 -1 -1 -1 
219 1 541 216 182 44 -1 -1 -1 -1 
219 2 425 345 124 235 -1 -1 -1 -1 
219 3 977 399 88 169 -1 -1 -1 -1 
219 5 1008 82 51 148 -1 -1 -1 -1 
219 7 762 193 16 24 -1 -1 -1 -1 
219 14 88 266 103 198 -1 -1 -1 -1 
219 19 526 219 120 42 -1 -1 -1 -1 
220 1 541 216 183 44 -1 -1 -1 -1 
220 2 428 345 124 236 -1 -1 -1 -1 
220 3 979 406 88 163 -1 -1 -1 -1 
220 5 1007 82 52 148 -1 -1 -1 -1 
220 7 762 193 16 24 -1 -1 -1 -1 
220 14 83 267 111 197 -1 -1 -1 -1 
220 19 526 219 120 42 -1 -1 -1 -1 
221 1 541 216 184 44 -1 -1 -1 -1 
221 2 431 344 126 234 -1 -1 -1 -1 
221 3 983 417 86 151 -1 -1 -1 -1 
221 5 1007 82 51 148 -1 -1 -1 -1 
221 7 762 194 15 23 -1 -1 -1 -1 
221 14 81 267 113 198 -1 -1 -1 -1 
221 19 526 219 121 42 -1 -1 -1 -1 
222 1 541 216 184 44 -1 -1 -1 -1 
222 2 436 344 120 239 -1 -1 -1 -1 
222 3 985 425 85 142 -1 -1 -1 -1 
222 5 1004 85 52 140 -1 -1 -1 -1 
222 7 762 194 15 24 -1 -1 -1 -1 
222 14 81 268 112 201 -1 -1 -1 -1 
222 19 525 219 121 42 -1 -1 -1 -1 
223 1 541 216 184 44 -1 -1 -1 -1 
223 2 444 344 113 236 -1 -1 -1 -1 
223 3 986 425 85 141 -1 -1 -1 -1 
223 5 1003 85 53 140 -1 -1 -1 -1 
223 7 761 194 16 24 -1 -1 -1 -1 
223 14 81 269 111 202 -1 -1 -1 -1 
223 19 525 218 121 43 -1 -1 -1 -1 
224 1 541 216 186 44 -1 -1 -1 -1 
224 2 450 343 110 234 -1 -1 -1 -1 
224 3 988 425 85 141 -1 -1 -1 -1 
224 5 1003 83 55 146 -1 -1 -1 -1 
224 7 761 194 15 24 -1 -1 -1 -1 
224 14 80 271 110 202 -1 -1 -1 -1 
224 16 1079 77 39 146 -1 -1 -1 -1 
224 19 525 219 121 42 -1 -1 -1 -1 
225 1 541 216 183 44 -1 -1 -1 -1 
225 2 462 340 96 237 -1 -1 -1 -1 
225 3 988 425 88 140 -1 -1 -1 -1 
225 5 1001 86 56 139 -1 -1 -1 -1 
225 7 761 194 15 24 -1 -1 -1 -1 
225 14 81 273 105 201 -1 -1 -1 -1 
225 16 1079 77 39 147 -1 -1 -1 -1 
225 19 525 218 121 43 -1 -1 -1 -1 
226 1 540 215 185 45 -1 -1 -1 -1 
226 2 477 340 79 238 -1 -1 -1 -1 
226 3 989 427 89 139 -1 -1 -1 -1 
226 5 999 86 57 138 -1 -1 -1 -1 
226 7 761 195 15 23 -1 -1 -1 -1 
226 14 81 275 101 200 -1 -1 -1 -1 
226 16 1078 77 40 147 -1 -1 -1 -1 
227 1 540 215 179 45 -1 -1 -1 -1 
227 2 491 339 64 237 -1 -1 -1 -1 
227 3 989 431 91 135 -1 -1 -1 -1 
227 5 998 87 58 136 -1 -1 -1 -1 
227 7 760 195 15 23 -1 -1 -1 -1 
227 14 83 276 97 199 -1 -1 -1 -1 
227 16 1077 77 41 148 -1 -1 -1 -1 
228 1 540 215 181 45 -1 -1 -1 -1 
228 2 501 338 56 241 -1 -1 -1 -1 
228 3 989 435 93 132 -1 -1 -1 -1 
228 5 995 87 60 138 -1 -1 -1 -1 
228 7 760 195 15 23 -1 -1 -1 -1 
228 14 85 276 92 201 -1 -1 -1 -1 
229 1 540 215 184 44 -1 -1 -1 -1 
229 2 507 338 53 241 -1 -1 -1 -1 
229 3 989 436 93 131 -1 -1 -1 -1 
229 5 995 88 62 142 -1 -1 -1 -1 
229 7 759 195 16 23 -1 -1 -1 -1 
229 14 85 276 92 201 -1 -1 -1 -1 
229 19 527 218 119 42 -1 -1 -1 -1 
230 1 539 214 179 46 -1 -1 -1 -1 
230 2 511 339 56 240 -1 -1 -1 -1 
230 3 990 439 93 127 -1 -1 -1 -1 
230 5 992 88 64 142 -1 -1 -1 -1 
230 7 759 195 15 24 -1 -1 -1 -1 
230 14 90 275 87 209 -1 -1 -1 -1 
230 19 527 218 119 42 -1 -1 -1 -1 
231 1 539 214 173 45 -1 -1 -1 -1 
231 2 516 339 58 241 -1 -1 -1 -1 
231 3 990 440 94 127 -1 -1 -1 -1 
231 5 991 87 62 140 -1 -1 -1 -1 
231 7 758 195 16 24 -1 -1 -1 -1 
231 14 94 275 83 209 -1 -1 -1 -1 
231 20 1006 194 12 22 -1 -1 -1 -1 
232 1 537 214 169 45 -1 -1 -1 -1 
232 2 521 341 65 239 -1 -1 -1 -1 
232 3 990 441 95 126 -1 -1 -1 -1 
232 5 988 88 63 137 -1 -1 -1 -1 
232 7 758 195 16 24 -1 -1 -1 -1 
232 14 97 275 80 210 -1 -1 -1 -1 
232 20 1003 195 13 22 -1 -1 -1 -1 
233 1 533 214 162 45 -1 -1 -1 -1 
233 2 525 341 71 238 -1 -1 -1 -1 
233 3 990 442 95 125 -1 -1 -1 -1 
233 5 985 89 64 136 -1 -1 -1 -1 
233 7 758 195 16 24 -1 -1 -1 -1 
233 14 102 275 76 210 -1 -1 -1 -1 
233 20 1001 194 14 24 -1 -1 -1 -1 
234 1 536 212 160 47 -1 -1 -1 -1 
234 2 527 343 80 236 -1 -1 -1 -1 
234 3 990 442 96 125 -1 -1 -1 -1 
234 5 983 88 64 136 -1 -1 -1 -1 
234 7 757 195 16 25 -1 -1 -1 -1 
234 14 108 274 72 212 -1 -1 -1 -1 
234 20 1000 196 13 23 -1 -1 -1 -1 
235 1 536 211 160 47 -1 -1 -1 -1 
235 2 528 344 87 235 -1 -1 -1 -1 
235 3 991 443 96 124 -1 -1 -1 -1 
235 5 980 88 65 135 -1 -1 -1 -1 
235 7 757 195 16 25 -1 -1 -1 -1 
235 14 114 277 66 212 -1 -1 -1 -1 
235 20 999 197 13 22 -1 -1 -1 -1 
236 1 535 209 162 49 -1 -1 -1 -1 
236 2 529 345 90 234 -1 -1 -1 -1 
236 3 991 443 97 124 -1 -1 -1 -1 
236 5 978 88 66 135 -1 -1 -1 -1 
236 7 756 196 16 24 -1 -1 -1 -1 
236 14 117 279 64 208 -1 -1 -1 -1 
236 20 998 198 12 22 -1 -1 -1 -1 
237 1 535 208 162 50 -1 -1 -1 -1 
237 2 530 345 92 234 -1 -1 -1 -1 
237 3 992 444 97 122 -1 -1 -1 -1 
237 5 975 88 67 135 -1 -1 -1 -1 
237 7 756 196 16 24 -1 -1 -1 -1 
237 14 120 275 63 210 -1 -1 -1 -1 
237 20 998 198 12 22 -1 -1 -1 -1 
238 1 533 208 162 49 -1 -1 -1 -1 
238 2 530 345 93 234 -1 -1 -1 -1 
238 3 992 444 97 123 -1 -1 -1 -1 
238 5 972 88 69 135 -1 -1 -1 -1 
238 7 755 196 16 24 -1 -1 -1 -1 
238 14 123 275 61 211 -1 -1 -1 -1 
239 1 533 208 163 50 -1 -1 -1 -1 
239 2 532 345 92 233 -1 -1 -1 -1 
239 3 992 443 98 124 -1 -1 -1 -1 
239 5 971 88 68 136 -1 -1 -1 -1 
239 7 755 196 16 24 -1 -1 -1 -1 
239 14 126 275 61 209 -1 -1 -1 -1 
239 20 1005 143 13 22 -1 -1 -1 -1 
240 1 533 207 162 51 -1 -1 -1 -1 
240 2 535 343 90 235 -1 -1 -1 -1 
240 3 992 443 98 124 -1 -1 -1 -1 
240 5 969 88 69 136 -1 -1 -1 -1 
240 7 755 196 16 24 -1 -1 -1 -1 
240 14 129 280 63 201 -1 -1 -1 -1 
241 1 532 206 161 52 -1 -1 -1 -1 
241 2 540 343 85 237 -1 -1 -1 -1 
241 3 993 443 96 123 -1 -1 -1 -1 
241 5 969 89 66 135 -1 -1 -1 -1 
241 7 754 196 16 24 -1 -1 -1 -1 
241 14 128 278 70 203 -1 -1 -1 -1 
241 20 995 142 25 20 -1 -1 -1 -1 
242 1 533 205 159 53 -1 -1 -1 -1 
242 2 547 342 79 237 -1 -1 -1 -1 
242 3 993 443 96 123 -1 -1 -1 -1 
242 5 968 89 64 135 -1 -1 -1 -1 
242 7 754 196 16 24 -1 -1 -1 -1 
242 14 128 279 77 203 -1 -1 -1 -1 
243 1 535 201 156 57 -1 -1 -1 -1 
243 2 556 341 72 238 -1 -1 -1 -1 
243 3 993 443 97 123 -1 -1 -1 -1 
243 5 966 89 64 136 -1 -1 -1 -1 
243 7 754 197 16 24 -1 -1 -1 -1 
243 14 129 278 87 205 -1 -1 -1 -1 
244 1 535 197 155 60 -1 -1 -1 -1 
244 2 565 341 66 237 -1 -1 -1 -1 
244 3 993 443 97 123 -1 -1 -1 -1 
244 5 963 89 65 136 -1 -1 -1 -1 
244 7 753 197 16 24 -1 -1 -1 -1 
244 14 129 279 93 203 -1 -1 -1 -1 
245 1 535 194 153 63 -1 -1 -1 -1 
245 2 576 341 64 237 -1 -1 -1 -1 
245 3 994 444 97 123 -1 -1 -1 -1 
245 5 962 88 64 137 -1 -1 -1 -1 
245 7 753 197 16 24 -1 -1 -1 -1 
245 14 131 284 96 198 -1 -1 -1 -1 
245 24 1041 79 67 77 -1 -1 -1 -1 
246 1 535 191 152 66 -1 -1 -1 -1 
246 2 580 340 63 239 -1 -1 -1 -1 
246 3 994 444 98 123 -1 -1 -1 -1 
246 5 959 88 66 138 -1 -1 -1 -1 
246 7 753 197 16 24 -1 -1 -1 -1 
246 14 131 282 99 199 -1 -1 -1 -1 
246 20 1093 196 12 21 -1 -1 -1 -1 
246 24 1039 79 68 77 -1 -1 -1 -1 
247 1 535 188 152 69 -1 -1 -1 -1 
247 2 584 340 64 238 -1 -1 -1 -1 
247 3 995 445 98 122 -1 -1 -1 -1 
247 5 955 87 69 140 -1 -1 -1 -1 
247 7 752 198 16 23 -1 -1 -1 -1 
247 14 137 282 98 200 -1 -1 -1 -1 
247 20 1093 196 11 22 -1 -1 -1 -1 
247 24 1037 77 69 78 -1 -1 -1 -1 
248 1 537 186 148 71 -1 -1 -1 -1 
248 2 586 339 69 239 -1 -1 -1 -1 
248 3 995 444 98 122 -1 -1 -1 -1 
248 5 952 88 71 139 -1 -1 -1 -1 
248 7 752 198 16 23 -1 -1 -1 -1 
248 14 140 283 97 199 -1 -1 -1 -1 
248 20 1093 196 11 22 -1 -1 -1 -1 
249 1 538 184 146 73 -1 -1 -1 -1 
249 2 589 338 79 241 -1 -1 -1 -1 
249 3 996 445 97 121 -1 -1 -1 -1 
249 5 950 88 72 139 -1 -1 -1 -1 
249 7 751 198 16 24 -1 -1 -1 -1 
249 14 144 284 94 199 -1 -1 -1 -1 
249 24 1034 76 68 75 -1 -1 -1 -1 
250 1 539 183 144 75 -1 -1 -1 -1 
250 2 590 340 86 238 -1 -1 -1 -1 
250 3 996 445 97 121 -1 -1 -1 -1 
250 5 950 88 72 140 -1 -1 -1 -1 
250 7 750 198 17 24 -1 -1 -1 -1 
250 14 150 285 90 197 -1 -1 -1 -1 
250 24 1032 76 67 70 -1 -1 -1 -1 
251 1 540 182 143 75 -1 -1 -1 -1 
251 2 591 339 96 239 -1 -1 -1 -1 
251 3 996 444 97 121 -1 -1 -1 -1 
251 5 949 88 74 140 -1 -1 -1 -1 
251 7 750 198 16 24 -1 -1 -1 -1 
251 14 155 284 88 199 -1 -1 -1 -1 
252 1 538 182 144 75 -1 -1 -1 -1 
252 2 594 339 94 238 -1 -1 -1 -1 
252 3 997 444 95 121 -1 -1 -1 -1 
252 5 947 89 75 138 -1 -1 -1 -1 
252 7 750 198 16 24 -1 -1 -1 -1 
252 14 160 284 85 201 -1 -1 -1 -1 
253 1 539 181 143 76 -1 -1 -1 -1 
253 2 597 338 92 239 -1 -1 -1 -1 
253 3 997 444 94 121 -1 -1 -1 -1 
253 5 955 87 66 140 -1 -1 -1 -1 
253 7 749 198 17 24 -1 -1 -1 -1 
253 14 173 284 74 200 -1 -1 -1 -1 
254 1 540 179 142 77 -1 -1 -1 -1 
254 2 600 337 89 239 -1 -1 -1 -1 
254 3 996 444 94 120 -1 -1 -1 -1 
254 5 951 89 70 138 -1 -1 -1 -1 
254 7 749 198 17 24 -1 -1 -1 -1 
254 14 180 285 69 197 -1 -1 -1 -1 
255 1 541 179 143 77 -1 -1 -1 -1 
255 2 606 336 83 240 -1 -1 -1 -1 
255 3 996 444 93 121 -1 -1 -1 -1 
255 5 950 89 73 138 -1 -1 -1 -1 
255 7 749 199 16 23 -1 -1 -1 -1 
255 14 183 286 68 198 -1 -1 -1 -1 
256 1 541 179 142 78 -1 -1 -1 -1 
256 2 615 335 74 241 -1 -1 -1 -1 
256 3 996 444 90 120 -1 -1 -1 -1 
256 5 947 90 73 136 -1 -1 -1 -1 
256 7 749 199 16 23 -1 -1 -1 -1 
256 14 192 286 63 199 -1 -1 -1 -1 
257 1 541 179 142 77 -1 -1 -1 -1 
257 2 625 336 65 241 -1 -1 -1 -1 
257 3 996 444 89 120 -1 -1 -1 -1 
257 5 945 90 73 136 -1 -1 -1 -1 
257 7 748 199 17 23 -1 -1 -1 -1 
257 14 201 285 56 201 -1 -1 -1 -1 
258 1 541 179 142 78 -1 -1 -1 -1 
258 2 630 336 62 247 -1 -1 -1 -1 
258 3 995 444 88 120 -1 -1 -1 -1 
258 5 942 90 70 136 -1 -1 -1 -1 
258 7 748 199 16 24 -1 -1 -1 -1 
258 14 205 286 54 206 -1 -1 -1 -1 
259 1 542 179 141 78 -1 -1 -1 -1 
259 2 632 336 61 246 -1 -1 -1 -1 
259 3 994 445 87 119 -1 -1 -1 -1 
259 5 940 90 71 136 -1 -1 -1 -1 
259 7 748 199 16 23 -1 -1 -1 -1 
259 14 208 287 54 206 -1 -1 -1 -1 
260 1 542 179 140 78 -1 -1 -1 -1 
260 2 636 337 64 241 -1 -1 -1 -1 
260 3 990 445 89 118 -1 -1 -1 -1 
260 5 940 90 69 136 -1 -1 -1 -1 
260 7 748 199 15 23 -1 -1 -1 -1 
260 14 209 288 58 207 -1 -1 -1 -1 
261 1 543 179 139 78 -1 -1 -1 -1 
261 2 639 333 75 246 -1 -1 -1 -1 
261 3 988 445 90 119 -1 -1 -1 -1 
261 5 941 89 66 138 -1 -1 -1 -1 
261 7 747 199 16 23 -1 -1 -1 -1 
261 14 212 289 61 204 -1 -1 -1 -1 
262 1 545 179 137 78 -1 -1 -1 -1 
262 2 642 334 84 244 -1 -1 -1 -1 
262 3 984 445 93 118 -1 -1 -1 -1 
262 5 941 90 66 136 -1 -1 -1 -1 
262 7 747 199 16 24 -1 -1 -1 -1 
262 14 214 290 65 204 -1 -1 -1 -1 
263 1 545 179 137 79 -1 -1 -1 -1 
263 2 643 336 100 240 -1 -1 -1 -1 
263 3 980 445 97 118 -1 -1 -1 -1 
263 5 937 90 69 137 -1 -1 -1 -1 
263 7 747 199 15 24 -1 -1 -1 -1 
263 14 216 292 67 203 -1 -1 -1 -1 
264 1 544 179 137 79 -1 -1 -1 -1 
264 2 645 335 108 237 -1 -1 -1 -1 
264 3 977 445 99 116 -1 -1 -1 -1 
264 5 934 91 70 135 -1 -1 -1 -1 
264 7 747 199 15 24 -1 -1 -1 -1 
264 14 216 294 73 200 -1 -1 -1 -1 
264 20 1038 193 12 20 -1 -1 -1 -1 
265 1 543 180 137 78 -1 -1 -1 -1 
265 2 648 335 112 235 -1 -1 -1 -1 
265 3 976 443 100 118 -1 -1 -1 -1 
265 5 933 90 69 136 -1 -1 -1 -1 
265 7 747 200 15 23 -1 -1 -1 -1 
265 14 217 297 81 203 -1 -1 -1 -1 
265 20 1035 194 11 21 -1 -1 -1 -1 
266 1 542 179 139 80 -1 -1 -1 -1 
266 2 651 334 107 231 -1 -1 -1 -1 
266 3 976 442 99 119 -1 -1 -1 -1 
266 5 931 91 69 136 -1 -1 -1 -1 
266 7 746 200 16 23 -1 -1 -1 -1 
266 14 220 297 79 202 -1 -1 -1 -1 
267 1 540 179 141 80 -1 -1 -1 -1 
267 2 653 333 103 231 -1 -1 -1 -1 
267 3 976 441 98 120 -1 -1 -1 -1 
267 5 930 91 69 136 -1 -1 -1 -1 
267 7 746 200 15 23 -1 -1 -1 -1 
267 14 220 298 81 200 -1 -1 -1 -1 
268 1 540 180 139 80 -1 -1 -1 -1 
268 2 655 333 97 231 -1 -1 -1 -1 
268 3 978 439 95 122 -1 -1 -1 -1 
268 5 930 91 69 136 -1 -1 -1 -1 
268 7 746 200 15 24 -1 -1 -1 -1 
268 14 223 298 80 199 -1 -1 -1 -1 
269 1 545 180 130 80 -1 -1 -1 -1 
269 2 655 331 94 237 -1 -1 -1 -1 
269 3 981 437 92 124 -1 -1 -1 -1 
269 5 929 91 66 135 -1 -1 -1 -1 
269 7 745 200 15 24 -1 -1 -1 -1 
269 14 224 297 82 201 -1 -1 -1 -1 
270 1 546 180 127 81 -1 -1 -1 -1 
270 2 657 330 91 238 -1 -1 -1 -1 
270 3 981 436 92 125 -1 -1 -1 -1 
270 5 930 91 64 135 -1 -1 -1 -1 
270 7 745 200 15 24 -1 -1 -1 -1 
270 14 226 297 82 201 -1 -1 -1 -1 
270 27 1019 75 53 167 -1 -1 -1 -1 
271 1 547 180 124 81 -1 -1 -1 -1 
271 2 658 330 88 237 -1 -1 -1 -1 
271 3 983 433 90 128 -1 -1 -1 -1 
271 5 925 91 67 135 -1 -1 -1 -1 
271 7 745 200 15 24 -1 -1 -1 -1 
271 14 228 296 83 203 -1 -1 -1 -1 
271 27 1015 76 56 166 -1 -1 -1 -1 
272 1 548 179 121 82 -1 -1 -1 -1 
272 2 660 329 87 236 -1 -1 -1 -1 
272 3 984 432 87 129 -1 -1 -1 -1 
272 5 924 91 70 134 -1 -1 -1 -1 
272 7 744 200 15 24 -1 -1 -1 -1 
272 14 230 296 82 204 -1 -1 -1 -1 
272 27 1011 77 59 162 -1 -1 -1 -1 
273 1 549 179 119 83 -1 -1 -1 -1 
273 2 661 328 86 237 -1 -1 -1 -1 
273 3 985 430 84 131 -1 -1 -1 -1 
273 5 923 91 71 133 -1 -1 -1 -1 
273 7 744 200 15 24 -1 -1 -1 -1 
273 14 232 295 81 208 -1 -1 -1 -1 
273 27 1007 77 62 161 -1 -1 -1 -1 
274 1 550 179 118 83 -1 -1 -1 -1 
274 2 663 327 83 236 -1 -1 -1 -1 
274 3 985 429 83 131 -1 -1 -1 -1 
274 5 921 91 73 131 -1 -1 -1 -1 
274 7 744 200 15 24 -1 -1 -1 -1 
274 14 236 297 78 206 -1 -1 -1 -1 
274 27 1001 77 66 163 -1 -1 -1 -1 
275 1 550 178 118 84 -1 -1 -1 -1 
275 2 665 326 82 236 -1 -1 -1 -1 
275 3 985 427 82 133 -1 -1 -1 -1 
275 5 923 92 75 130 -1 -1 -1 -1 
275 7 743 200 15 24 -1 -1 -1 -1 
275 14 240 298 75 209 -1 -1 -1 -1 
275 27 996 78 69 160 -1 -1 -1 -1 
276 1 551 178 117 84 -1 -1 -1 -1 
276 2 667 325 82 236 -1 -1 -1 -1 
276 3 986 425 82 136 -1 -1 -1 -1 
276 5 924 92 69 132 -1 -1 -1 -1 
276 7 743 200 15 24 -1 -1 -1 -1 
276 14 243 300 72 208 -1 -1 -1 -1 
276 27 994 78 69 155 -1 -1 -1 -1 
277 1 551 178 118 84 -1 -1 -1 -1 
277 2 670 324 82 236 -1 -1 -1 -1 
277 3 986 424 81 136 -1 -1 -1 -1 
277 5 924 92 69 132 -1 -1 -1 -1 
277 7 742 200 16 24 -1 -1 -1 -1 
277 14 245 302 70 209 -1 -1 -1 -1 
278 1 550 178 119 84 -1 -1 -1 -1 
278 2 672 323 83 236 -1 -1 -1 -1 
278 3 986 424 81 137 -1 -1 -1 -1 
278 7 742 200 15 24 -1 -1 -1 -1 
278 14 247 304 69 211 -1 -1 -1 -1 
278 27 992 79 62 157 -1 -1 -1 -1 
279 1 550 178 118 84 -1 -1 -1 -1 
279 2 673 322 83 236 -1 -1 -1 -1 
279 3 985 423 78 138 -1 -1 -1 -1 
279 7 742 200 15 24 -1 -1 -1 -1 
279 14 247 305 69 211 -1 -1 -1 -1 
279 27 992 79 58 156 -1 -1 -1 -1 
280 1 550 178 118 84 -1 -1 -1 -1 
280 2 674 320 85 238 -1 -1 -1 -1 
280 3 984 423 79 138 -1 -1 -1 -1 
280 7 741 200 16 24 -1 -1 -1 -1 
280 14 248 306 69 211 -1 -1 -1 -1 
280 27 992 75 54 161 -1 -1 -1 -1 
281 1 550 179 115 83 -1 -1 -1 -1 
281 2 675 319 88 239 -1 -1 -1 -1 
281 3 983 424 79 136 -1 -1 -1 -1 
281 7 741 201 16 23 -1 -1 -1 -1 
281 14 248 307 70 208 -1 -1 -1 -1 
281 27 990 78 52 155 -1 -1 -1 -1 
282 1 550 182 113 81 -1 -1 -1 -1 
282 2 675 318 87 240 -1 -1 -1 -1 
282 3 983 425 78 134 -1 -1 -1 -1 
282 5 937 88 50 142 -1 -1 -1 -1 
282 7 741 200 15 25 -1 -1 -1 -1 
282 14 248 308 71 208 -1 -1 -1 -1 
282 27 989 77 50 158 -1 -1 -1 -1 
283 1 550 183 109 80 -1 -1 -1 -1 
283 2 674 318 86 239 -1 -1 -1 -1 
283 3 982 425 78 134 -1 -1 -1 -1 
283 5 933 90 53 141 -1 -1 -1 -1 
283 7 741 200 15 25 -1 -1 -1 -1 
283 14 248 308 72 208 -1 -1 -1 -1 
283 27 988 76 49 155 -1 -1 -1 -1 
284 1 552 184 108 81 -1 -1 -1 -1 
284 2 674 318 85 239 -1 -1 -1 -1 
284 3 980 426 80 131 -1 -1 -1 -1 
284 5 932 89 52 143 -1 -1 -1 -1 
284 7 740 201 16 24 -1 -1 -1 -1 
284 14 248 309 72 207 -1 -1 -1 -1 
284 27 986 75 50 157 -1 -1 -1 -1 
284 29 904 91 43 149 -1 -1 -1 -1 
285 1 551 185 106 79 -1 -1 -1 -1 
285 2 674 318 85 238 -1 -1 -1 -1 
285 3 979 426 81 130 -1 -1 -1 -1 
285 5 935 90 51 138 -1 -1 -1 -1 
285 7 740 201 16 24 -1 -1 -1 -1 
285 14 248 309 74 207 -1 -1 -1 -1 
285 27 986 76 48 153 -1 -1 -1 -1 
286 1 551 187 103 78 -1 -1 -1 -1 
286 2 674 319 84 237 -1 -1 -1 -1 
286 3 975 426 85 130 -1 -1 -1 -1 
286 5 934 89 52 141 -1 -1 -1 -1 
286 7 740 200 15 24 -1 -1 -1 -1 
286 14 249 309 75 207 -1 -1 -1 -1 
286 27 984 76 48 152 -1 -1 -1 -1 
287 1 551 187 102 79 -1 -1 -1 -1 
287 2 674 319 83 237 -1 -1 -1 -1 
287 3 972 426 88 129 -1 -1 -1 -1 
287 5 933 89 51 141 -1 -1 -1 -1 
287 7 740 201 16 24 -1 -1 -1 -1 
287 14 249 309 76 207 -1 -1 -1 -1 
287 27 982 76 49 153 -1 -1 -1 -1 
288 1 552 189 101 78 -1 -1 -1 -1 
288 2 674 318 83 238 -1 -1 -1 -1 
288 3 970 425 89 128 -1 -1 -1 -1 
288 5 931 88 54 141 -1 -1 -1 -1 
288 7 739 201 16 24 -1 -1 -1 -1 
288 14 249 310 78 206 -1 -1 -1 -1 
288 27 981 76 50 153 -1 -1 -1 -1 
289 1 553 190 100 77 -1 -1 -1 -1 
289 2 674 318 82 237 -1 -1 -1 -1 
289 3 968 426 89 126 -1 -1 -1 -1 
289 5 930 88 55 140 -1 -1 -1 -1 
289 7 739 201 16 24 -1 -1 -1 -1 
289 14 247 311 80 205 -1 -1 -1 -1 
289 27 979 77 51 152 -1 -1 -1 -1 
289 29 866 83 60 156 -1 -1 -1 -1 
290 1 558 191 96 77 -1 -1 -1 -1 
290 2 673 317 84 239 -1 -1 -1 -1 
290 3 965 426 86 126 -1 -1 -1 -1 
290 5 931 87 53 140 -1 -1 -1 -1 
290 7 739 201 15 24 -1 -1 -1 -1 
290 14 246 312 82 206 -1 -1 -1 -1 
290 27 978 77 51 153 -1 -1 -1 -1 
290 29 860 84 60 153 -1 -1 -1 -1 
291 1 560 191 94 77 -1 -1 -1 -1 
291 2 673 316 83 240 -1 -1 -1 -1 
291 3 965 425 82 127 -1 -1 -1 -1 
291 5 931 88 52 139 -1 -1 -1 -1 
291 7 739 201 15 24 -1 -1 -1 -1 
291 14 245 313 84 206 -1 -1 -1 -1 
291 27 976 78 53 152 -1 -1 -1 -1 
292 1 562 192 91 76 -1 -1 -1 -1 
292 2 672 315 84 241 -1 -1 -1 -1 
292 3 964 424 82 128 -1 -1 -1 -1 
292 5 913 88 69 137 -1 -1 -1 -1 
292 7 738 201 16 24 -1 -1 -1 -1 
292 14 243 316 87 206 -1 -1 -1 -1 
292 27 974 78 55 152 -1 -1 -1 -1 
293 1 564 192 90 76 -1 -1 -1 -1 
293 2 670 315 86 241 -1 -1 -1 -1 
293 3 962 424 79 128 -1 -1 -1 -1 
293 5 901 88 79 137 -1 -1 -1 -1 
293 7 738 201 16 25 -1 -1 -1 -1 
293 14 242 316 88 210 -1 -1 -1 -1 
293 27 972 79 56 152 -1 -1 -1 -1 
293 29 850 92 47 139 -1 -1 -1 -1 
294 1 566 191 88 77 -1 -1 -1 -1 
294 2 669 317 87 236 -1 -1 -1 -1 
294 3 960 424 79 128 -1 -1 -1 -1 
294 5 902 88 78 137 -1 -1 -1 -1 
294 7 738 201 16 25 -1 -1 -1 -1 
294 14 241 318 90 211 -1 -1 -1 -1 
294 27 969 78 58 153 -1 -1 -1 -1 
294 29 841 93 44 140 -1 -1 -1 -1 
295 1 568 193 86 75 -1 -1 -1 -1 
295 2 667 317 89 235 -1 -1 -1 -1 
295 3 958 424 80 128 -1 -1 -1 -1 
295 5 907 88 72 137 -1 -1 -1 -1 
295 7 737 201 17 26 -1 -1 -1 -1 
295 14 240 321 92 212 -1 -1 -1 -1 
295 27 969 78 58 153 -1 -1 -1 -1 
295 29 834 91 46 144 -1 -1 -1 -1 
296 1 570 193 84 75 -1 -1 -1 -1 
296 2 667 317 87 234 -1 -1 -1 -1 
296 3 956 425 81 128 -1 -1 -1 -1 
296 5 905 88 72 137 -1 -1 -1 -1 
296 7 737 201 17 25 -1 -1 -1 -1 
296 14 241 325 93 208 -1 -1 -1 -1 
296 27 968 78 58 153 -1 -1 -1 -1 
296 29 827 91 48 141 -1 -1 -1 -1 
297 1 573 193 81 75 -1 -1 -1 -1 
297 2 666 316 86 233 -1 -1 -1 -1 
297 3 956 424 80 128 -1 -1 -1 -1 
297 5 906 88 70 138 -1 -1 -1 -1 
297 7 737 201 16 25 -1 -1 -1 -1 
297 14 241 324 95 213 -1 -1 -1 -1 
297 27 967 78 57 152 -1 -1 -1 -1 
297 29 814 89 58 143 -1 -1 -1 -1 
298 1 573 193 80 75 -1 -1 -1 -1 
298 2 666 315 85 234 -1 -1 -1 -1 
298 3 955 425 80 127 -1 -1 -1 -1 
298 5 898 87 78 138 -1 -1 -1 -1 
298 7 737 201 16 25 -1 -1 -1 -1 
298 14 242 325 94 212 -1 -1 -1 -1 
298 27 965 78 55 151 -1 -1 -1 -1 
298 29 807 91 59 142 -1 -1 -1 -1 
299 1 576 193 77 75 -1 -1 -1 -1 
299 2 665 314 83 234 -1 -1 -1 -1 
299 3 954 424 81 129 -1 -1 -1 -1 
299 5 904 87 70 139 -1 -1 -1 -1 
299 7 736 201 16 25 -1 -1 -1 -1 
299 14 243 325 93 212 -1 -1 -1 -1 
299 27 964 79 53 151 -1 -1 -1 -1 
299 29 801 93 57 137 -1 -1 -1 -1 
300 1 578 193 75 75 -1 -1 -1 -1 
300 2 664 313 82 234 -1 -1 -1 -1 
300 3 954 424 81 129 -1 -1 -1 -1 
300 5 899 87 74 138 -1 -1 -1 -1 
300 7 736 201 16 25 -1 -1 -1 -1 
300 14 245 325 91 213 -1 -1 -1 -1 
300 27 964 80 50 147 -1 -1 -1 -1 
300 29 794 95 58 135 -1 -1 -1 -1 
301 1 581 191 73 76 -1 -1 -1 -1 
301 2 662 311 82 236 -1 -1 -1 -1 
301 3 954 425 81 128 -1 -1 -1 -1 
301 5 908 86 65 140 -1 -1 -1 -1 
301 7 736 201 16 25 -1 -1 -1 -1 
301 14 246 324 90 214 -1 -1 -1 -1 
301 27 960 78 50 151 -1 -1 -1 -1 
301 29 789 99 58 130 -1 -1 -1 -1 
302 1 582 191 73 76 -1 -1 -1 -1 
302 2 662 311 81 236 -1 -1 -1 -1 
302 3 954 425 81 128 -1 -1 -1 -1 
302 5 909 87 64 138 -1 -1 -1 -1 
302 7 736 201 15 25 -1 -1 -1 -1 
302 14 248 324 88 214 -1 -1 -1 -1 
302 27 959 78 47 150 -1 -1 -1 -1 
302 29 786 102 57 127 -1 -1 -1 -1 
303 1 584 193 70 75 -1 -1 -1 -1 
303 2 660 310 82 238 -1 -1 -1 -1 
303 3 954 425 81 129 -1 -1 -1 -1 
303 5 912 87 60 138 -1 -1 -1 -1 
303 7 735 202 16 25 -1 -1 -1 -1 
303 14 248 324 88 214 -1 -1 -1 -1 
303 27 959 78 45 151 -1 -1 -1 -1 
303 29 782 106 55 125 -1 -1 -1 -1 
304 1 586 193 68 74 -1 -1 -1 -1 
304 2 660 310 82 238 -1 -1 -1 -1 
304 3 953 425 82 130 -1 -1 -1 -1 
304 5 910 85 64 140 -1 -1 -1 -1 
304 7 735 202 16 25 -1 -1 -1 -1 
304 14 249 325 87 213 -1 -1 -1 -1 
304 27 959 79 43 147 -1 -1 -1 -1 
304 29 777 109 56 120 -1 -1 -1 -1 
304 33 967 131 18 36 -1 -1 -1 -1 
