4 1 1025 81 52 138 -1 -1 -1 -1 
4 2 907 69 50 157 -1 -1 -1 -1 
4 3 623 320 82 115 -1 -1 -1 -1 
4 4 265 78 89 147 -1 -1 -1 -1 
4 6 920 133 20 23 -1 -1 -1 -1 
4 7 1044 136 17 20 -1 -1 -1 -1 
4 10 905 69 52 158 -1 -1 -1 -1 
5 1 1025 81 51 138 -1 -1 -1 -1 
5 2 907 69 50 157 -1 -1 -1 -1 
5 3 623 319 81 115 -1 -1 -1 -1 
5 4 263 78 91 147 -1 -1 -1 -1 
5 6 920 133 20 23 -1 -1 -1 -1 
5 7 1044 135 17 20 -1 -1 -1 -1 
5 10 905 69 52 159 -1 -1 -1 -1 
6 1 1025 81 51 138 -1 -1 -1 -1 
6 2 907 68 50 158 -1 -1 -1 -1 
6 3 624 318 79 116 -1 -1 -1 -1 
6 4 262 77 92 148 -1 -1 -1 -1 
6 6 920 133 20 23 -1 -1 -1 -1 
6 7 1044 136 16 20 -1 -1 -1 -1 
6 10 905 68 52 160 -1 -1 -1 -1 
7 1 1026 81 50 138 -1 -1 -1 -1 
7 2 907 68 50 158 -1 -1 -1 -1 
7 3 624 317 78 117 -1 -1 -1 -1 
7 4 261 77 92 148 -1 -1 -1 -1 
7 6 920 133 20 23 -1 -1 -1 -1 
7 7 1044 135 17 20 -1 -1 -1 -1 
7 10 905 68 52 160 -1 -1 -1 -1 
8 1 1026 81 50 138 -1 -1 -1 -1 
8 2 907 68 50 158 -1 -1 -1 -1 
8 3 624 316 77 118 -1 -1 -1 -1 
8 4 260 77 94 148 -1 -1 -1 -1 
8 6 920 133 20 23 -1 -1 -1 -1 
8 7 1044 135 17 20 -1 -1 -1 -1 
8 10 905 68 52 159 -1 -1 -1 -1 
8 11 279 137 14 21 -1 -1 -1 -1 
9 1 1026 81 50 138 -1 -1 -1 -1 
9 2 907 69 50 157 -1 -1 -1 -1 
9 3 624 315 76 118 -1 -1 -1 -1 
9 4 259 77 95 148 -1 -1 -1 -1 
9 6 920 133 20 23 -1 -1 -1 -1 
9 7 1044 135 17 21 -1 -1 -1 -1 
9 10 905 68 52 159 -1 -1 -1 -1 
9 11 279 137 13 21 -1 -1 -1 -1 
10 1 1026 81 50 138 -1 -1 -1 -1 
10 2 907 69 50 157 -1 -1 -1 -1 
10 3 625 315 75 118 -1 -1 -1 -1 
10 4 259 77 95 148 -1 -1 -1 -1 
10 6 920 133 20 23 -1 -1 -1 -1 
10 7 1044 136 17 20 -1 -1 -1 -1 
10 10 906 68 51 159 -1 -1 -1 -1 
10 11 279 137 13 21 -1 -1 -1 -1 
11 1 1026 81 50 138 -1 -1 -1 -1 
11 2 907 69 50 157 -1 -1 -1 -1 
11 3 624 316 76 115 -1 -1 -1 -1 
11 4 258 77 95 148 -1 -1 -1 -1 
11 6 920 133 20 23 -1 -1 -1 -1 
11 7 1044 136 17 21 -1 -1 -1 -1 
11 10 906 68 51 159 -1 -1 -1 -1 
11 11 279 137 13 21 -1 -1 -1 -1 
12 1 1026 81 49 138 -1 -1 -1 -1 
12 2 907 68 50 158 -1 -1 -1 -1 
12 3 624 316 75 116 -1 -1 -1 -1 
12 4 257 77 97 148 -1 -1 -1 -1 
12 6 920 133 20 22 -1 -1 -1 -1 
12 7 1048 138 16 22 -1 -1 -1 -1 
12 10 906 68 51 159 -1 -1 -1 -1 
12 11 279 137 13 21 -1 -1 -1 -1 
13 1 1026 81 49 138 -1 -1 -1 -1 
13 2 907 69 50 157 -1 -1 -1 -1 
13 3 624 316 74 116 -1 -1 -1 -1 
13 4 257 77 97 148 -1 -1 -1 -1 
13 6 920 133 20 22 -1 -1 -1 -1 
13 7 1044 137 18 21 -1 -1 -1 -1 
13 10 906 68 51 159 -1 -1 -1 -1 
13 11 279 137 13 21 -1 -1 -1 -1 
14 1 1026 81 50 138 -1 -1 -1 -1 
14 2 907 69 50 157 -1 -1 -1 -1 
14 3 624 316 72 115 -1 -1 -1 -1 
14 4 257 77 97 148 -1 -1 -1 -1 
14 6 920 133 20 22 -1 -1 -1 -1 
14 7 1045 137 17 22 -1 -1 -1 -1 
14 10 906 68 51 159 -1 -1 -1 -1 
14 11 279 137 13 20 -1 -1 -1 -1 
15 1 1026 81 50 138 -1 -1 -1 -1 
15 2 907 69 50 157 -1 -1 -1 -1 
15 3 623 316 72 115 -1 -1 -1 -1 
15 4 256 77 98 148 -1 -1 -1 -1 
15 6 920 133 20 22 -1 -1 -1 -1 
15 7 1049 139 16 23 -1 -1 -1 -1 
15 10 906 68 51 159 -1 -1 -1 -1 
15 11 279 137 13 20 -1 -1 -1 -1 
16 1 1026 81 51 138 -1 -1 -1 -1 
16 2 907 69 50 157 -1 -1 -1 -1 
16 3 623 316 70 115 -1 -1 -1 -1 
16 4 256 77 98 148 -1 -1 -1 -1 
16 6 920 132 20 23 -1 -1 -1 -1 
16 7 1043 138 18 21 -1 -1 -1 -1 
16 10 906 68 51 159 -1 -1 -1 -1 
16 11 279 137 12 21 -1 -1 -1 -1 
17 1 1027 81 50 138 -1 -1 -1 -1 
17 2 907 68 49 157 -1 -1 -1 -1 
17 3 621 316 71 114 -1 -1 -1 -1 
17 4 256 77 97 148 -1 -1 -1 -1 
17 6 920 133 20 23 -1 -1 -1 -1 
17 7 1043 138 18 21 -1 -1 -1 -1 
17 10 905 68 52 159 -1 -1 -1 -1 
17 11 278 137 13 20 -1 -1 -1 -1 
18 1 1028 81 49 138 -1 -1 -1 -1 
18 2 907 68 49 157 -1 -1 -1 -1 
18 3 620 313 71 119 -1 -1 -1 -1 
18 4 256 76 96 149 -1 -1 -1 -1 
18 6 920 133 20 23 -1 -1 -1 -1 
18 7 1044 138 18 21 -1 -1 -1 -1 
18 10 905 68 52 159 -1 -1 -1 -1 
18 11 278 137 13 20 -1 -1 -1 -1 
19 1 1029 81 48 138 -1 -1 -1 -1 
19 2 907 68 49 157 -1 -1 -1 -1 
19 3 618 312 73 120 -1 -1 -1 -1 
19 4 255 77 96 148 -1 -1 -1 -1 
19 6 920 133 20 23 -1 -1 -1 -1 
19 7 1044 138 18 21 -1 -1 -1 -1 
19 10 905 68 52 159 -1 -1 -1 -1 
19 11 278 137 12 21 -1 -1 -1 -1 
20 1 1030 81 47 138 -1 -1 -1 -1 
20 2 907 68 49 157 -1 -1 -1 -1 
20 3 616 312 75 118 -1 -1 -1 -1 
20 4 255 76 96 149 -1 -1 -1 -1 
20 6 920 133 20 23 -1 -1 -1 -1 
20 7 1044 138 18 21 -1 -1 -1 -1 
20 10 906 68 51 159 -1 -1 -1 -1 
20 11 278 137 12 21 -1 -1 -1 -1 
21 1 1030 80 48 139 -1 -1 -1 -1 
21 2 907 68 49 157 -1 -1 -1 -1 
21 3 615 308 75 122 -1 -1 -1 -1 
21 4 255 76 96 149 -1 -1 -1 -1 
21 6 920 133 20 22 -1 -1 -1 -1 
21 7 1043 138 19 20 -1 -1 -1 -1 
21 10 905 68 52 159 -1 -1 -1 -1 
21 11 278 137 12 21 -1 -1 -1 -1 
22 1 1030 81 48 138 -1 -1 -1 -1 
22 2 907 68 49 157 -1 -1 -1 -1 
22 3 614 305 76 127 -1 -1 -1 -1 
22 4 256 76 95 149 -1 -1 -1 -1 
22 6 920 133 20 22 -1 -1 -1 -1 
22 7 1043 137 20 21 -1 -1 -1 -1 
22 10 905 68 52 159 -1 -1 -1 -1 
22 11 278 137 12 21 -1 -1 -1 -1 
23 1 1030 81 48 138 -1 -1 -1 -1 
23 2 907 68 49 157 -1 -1 -1 -1 
23 3 614 303 72 135 -1 -1 -1 -1 
23 4 255 75 95 150 -1 -1 -1 -1 
23 6 920 133 20 22 -1 -1 -1 -1 
23 7 1044 135 21 21 -1 -1 -1 -1 
23 10 905 68 52 159 -1 -1 -1 -1 
24 1 1030 81 49 138 -1 -1 -1 -1 
24 2 907 68 49 157 -1 -1 -1 -1 
24 3 612 300 72 139 -1 -1 -1 -1 
24 4 255 75 95 150 -1 -1 -1 -1 
24 6 920 133 20 23 -1 -1 -1 -1 
24 7 1043 134 21 22 -1 -1 -1 -1 
24 10 905 68 52 159 -1 -1 -1 -1 
24 11 278 136 12 21 -1 -1 -1 -1 
25 1 1030 81 49 138 -1 -1 -1 -1 
25 2 907 68 49 157 -1 -1 -1 -1 
25 3 611 298 70 142 -1 -1 -1 -1 
25 4 255 75 96 150 -1 -1 -1 -1 
25 6 920 133 20 23 -1 -1 -1 -1 
25 7 1043 135 21 21 -1 -1 -1 -1 
25 10 905 68 52 159 -1 -1 -1 -1 
25 11 278 136 12 21 -1 -1 -1 -1 
26 1 1030 81 49 138 -1 -1 -1 -1 
26 2 907 68 49 157 -1 -1 -1 -1 
26 3 611 296 68 142 -1 -1 -1 -1 
26 4 255 74 96 151 -1 -1 -1 -1 
26 6 920 133 20 23 -1 -1 -1 -1 
26 7 1044 135 21 21 -1 -1 -1 -1 
26 10 905 68 52 159 -1 -1 -1 -1 
26 11 278 136 12 22 -1 -1 -1 -1 
27 1 1030 81 49 138 -1 -1 -1 -1 
27 2 907 68 49 157 -1 -1 -1 -1 
27 3 610 294 66 146 -1 -1 -1 -1 
27 4 256 74 95 151 -1 -1 -1 -1 
27 6 920 133 20 23 -1 -1 -1 -1 
27 7 1043 134 22 22 -1 -1 -1 -1 
27 10 905 68 52 159 -1 -1 -1 -1 
27 11 278 136 12 22 -1 -1 -1 -1 
28 1 1030 81 50 138 -1 -1 -1 -1 
28 2 907 68 49 157 -1 -1 -1 -1 
28 3 609 290 65 150 -1 -1 -1 -1 
28 4 256 73 96 151 -1 -1 -1 -1 
28 6 921 133 19 22 -1 -1 -1 -1 
28 7 1043 135 20 20 -1 -1 -1 -1 
28 10 905 68 52 159 -1 -1 -1 -1 
28 11 277 136 12 22 -1 -1 -1 -1 
29 1 1030 81 50 138 -1 -1 -1 -1 
29 2 907 68 49 157 -1 -1 -1 -1 
29 3 609 288 63 153 -1 -1 -1 -1 
29 4 256 74 96 150 -1 -1 -1 -1 
29 6 921 134 19 21 -1 -1 -1 -1 
29 7 1043 135 20 20 -1 -1 -1 -1 
30 1 1030 81 50 138 -1 -1 -1 -1 
30 2 907 68 49 157 -1 -1 -1 -1 
30 3 609 286 62 155 -1 -1 -1 -1 
30 4 256 74 96 150 -1 -1 -1 -1 
30 6 921 134 19 21 -1 -1 -1 -1 
30 7 1043 135 20 20 -1 -1 -1 -1 
31 1 1030 80 50 139 -1 -1 -1 -1 
31 2 907 68 49 157 -1 -1 -1 -1 
31 3 608 282 62 158 -1 -1 -1 -1 
31 4 256 74 96 150 -1 -1 -1 -1 
31 6 921 133 19 22 -1 -1 -1 -1 
31 7 1043 136 20 20 -1 -1 -1 -1 
31 10 906 68 51 159 -1 -1 -1 -1 
32 1 1030 81 50 138 -1 -1 -1 -1 
32 2 907 68 49 157 -1 -1 -1 -1 
32 3 608 280 62 158 -1 -1 -1 -1 
32 4 257 74 95 150 -1 -1 -1 -1 
32 6 921 133 19 22 -1 -1 -1 -1 
32 7 1044 137 20 20 -1 -1 -1 -1 
32 10 905 68 52 159 -1 -1 -1 -1 
33 1 1030 81 50 138 -1 -1 -1 -1 
33 2 907 68 49 157 -1 -1 -1 -1 
33 3 608 278 61 161 -1 -1 -1 -1 
33 4 257 74 95 150 -1 -1 -1 -1 
33 6 921 133 19 22 -1 -1 -1 -1 
33 7 1044 137 20 20 -1 -1 -1 -1 
33 10 905 68 52 159 -1 -1 -1 -1 
34 1 1030 81 50 138 -1 -1 -1 -1 
34 2 907 68 49 157 -1 -1 -1 -1 
34 3 609 276 60 159 -1 -1 -1 -1 
34 4 256 74 96 150 -1 -1 -1 -1 
34 6 921 133 19 22 -1 -1 -1 -1 
34 7 1043 137 21 21 -1 -1 -1 -1 
35 1 1030 81 50 138 -1 -1 -1 -1 
35 2 907 68 49 157 -1 -1 -1 -1 
35 3 609 273 59 161 -1 -1 -1 -1 
35 4 255 75 90 152 -1 -1 -1 -1 
35 6 921 133 19 22 -1 -1 -1 -1 
35 7 1044 139 19 21 -1 -1 -1 -1 
35 10 905 68 52 159 -1 -1 -1 -1 
36 1 1029 81 50 138 -1 -1 -1 -1 
36 2 907 68 49 157 -1 -1 -1 -1 
36 3 609 272 58 159 -1 -1 -1 -1 
36 4 255 75 90 152 -1 -1 -1 -1 
36 6 921 133 19 22 -1 -1 -1 -1 
36 7 1043 139 20 21 -1 -1 -1 -1 
36 10 905 68 52 159 -1 -1 -1 -1 
37 1 1029 81 50 138 -1 -1 -1 -1 
37 2 907 68 49 157 -1 -1 -1 -1 
37 3 609 270 57 160 -1 -1 -1 -1 
37 4 255 75 91 152 -1 -1 -1 -1 
37 6 921 133 19 22 -1 -1 -1 -1 
37 7 1042 139 19 21 -1 -1 -1 -1 
37 10 906 68 51 159 -1 -1 -1 -1 
38 1 1028 81 51 138 -1 -1 -1 -1 
38 2 907 68 49 157 -1 -1 -1 -1 
38 3 609 268 56 160 -1 -1 -1 -1 
38 4 255 75 89 152 -1 -1 -1 -1 
38 6 920 133 19 22 -1 -1 -1 -1 
38 7 1042 140 18 20 -1 -1 -1 -1 
38 10 905 68 52 159 -1 -1 -1 -1 
39 1 1027 81 51 138 -1 -1 -1 -1 
39 2 907 68 49 157 -1 -1 -1 -1 
39 3 609 266 56 162 -1 -1 -1 -1 
39 4 256 73 96 151 -1 -1 -1 -1 
39 6 920 133 19 22 -1 -1 -1 -1 
39 7 1042 139 18 21 -1 -1 -1 -1 
39 10 905 68 52 159 -1 -1 -1 -1 
40 1 1026 81 52 138 -1 -1 -1 -1 
40 2 907 68 49 157 -1 -1 -1 -1 
40 3 609 265 55 163 -1 -1 -1 -1 
40 4 255 75 89 152 -1 -1 -1 -1 
40 6 921 133 19 22 -1 -1 -1 -1 
40 7 1043 139 17 21 -1 -1 -1 -1 
40 10 905 68 52 159 -1 -1 -1 -1 
41 1 1025 81 52 138 -1 -1 -1 -1 
41 2 907 68 49 157 -1 -1 -1 -1 
41 3 609 263 56 165 -1 -1 -1 -1 
41 4 257 74 95 150 -1 -1 -1 -1 
41 6 920 133 20 22 -1 -1 -1 -1 
41 7 1044 139 16 20 -1 -1 -1 -1 
41 10 905 68 52 159 -1 -1 -1 -1 
42 1 1024 81 53 138 -1 -1 -1 -1 
42 2 907 68 49 157 -1 -1 -1 -1 
42 3 609 261 56 167 -1 -1 -1 -1 
42 4 257 74 95 150 -1 -1 -1 -1 
42 6 920 133 20 22 -1 -1 -1 -1 
42 7 1045 139 17 23 -1 -1 -1 -1 
42 10 905 68 52 159 -1 -1 -1 -1 
43 1 1023 81 54 138 -1 -1 -1 -1 
43 2 907 68 49 156 -1 -1 -1 -1 
43 3 608 260 58 168 -1 -1 -1 -1 
43 4 257 74 95 150 -1 -1 -1 -1 
43 6 920 133 20 22 -1 -1 -1 -1 
43 7 1045 139 18 23 -1 -1 -1 -1 
44 1 1022 81 55 138 -1 -1 -1 -1 
44 2 907 68 50 156 -1 -1 -1 -1 
44 3 608 259 59 169 -1 -1 -1 -1 
44 4 257 74 95 150 -1 -1 -1 -1 
44 6 920 133 20 22 -1 -1 -1 -1 
44 7 1046 139 18 24 -1 -1 -1 -1 
45 1 1021 81 56 138 -1 -1 -1 -1 
45 2 907 68 50 156 -1 -1 -1 -1 
45 3 607 257 60 171 -1 -1 -1 -1 
45 4 256 74 96 151 -1 -1 -1 -1 
45 6 920 133 20 22 -1 -1 -1 -1 
45 7 1046 139 18 24 -1 -1 -1 -1 
46 1 1020 81 57 138 -1 -1 -1 -1 
46 2 907 68 50 156 -1 -1 -1 -1 
46 3 606 257 62 170 -1 -1 -1 -1 
46 4 257 74 95 150 -1 -1 -1 -1 
46 6 920 133 21 23 -1 -1 -1 -1 
46 7 1047 139 18 24 -1 -1 -1 -1 
46 12 1040 124 27 53 -1 -1 -1 -1 
47 1 1019 81 58 138 -1 -1 -1 -1 
47 2 907 68 49 156 -1 -1 -1 -1 
47 3 606 257 63 170 -1 -1 -1 -1 
47 4 257 74 95 150 -1 -1 -1 -1 
47 6 920 133 21 22 -1 -1 -1 -1 
47 7 1047 139 18 25 -1 -1 -1 -1 
47 12 1041 129 25 44 -1 -1 -1 -1 
48 1 1018 81 59 138 -1 -1 -1 -1 
48 2 907 68 49 156 -1 -1 -1 -1 
48 3 605 256 66 171 -1 -1 -1 -1 
48 4 256 73 95 152 -1 -1 -1 -1 
48 6 920 133 21 22 -1 -1 -1 -1 
48 7 1047 139 18 24 -1 -1 -1 -1 
48 12 1043 131 22 39 -1 -1 -1 -1 
49 1 1018 81 59 138 -1 -1 -1 -1 
49 2 907 68 49 156 -1 -1 -1 -1 
49 3 604 256 67 171 -1 -1 -1 -1 
49 4 256 74 95 151 -1 -1 -1 -1 
49 6 920 132 20 23 -1 -1 -1 -1 
49 7 1047 138 18 25 -1 -1 -1 -1 
50 1 1017 81 60 138 -1 -1 -1 -1 
50 2 907 68 49 156 -1 -1 -1 -1 
50 3 603 256 69 169 -1 -1 -1 -1 
50 4 256 74 95 151 -1 -1 -1 -1 
50 6 920 133 20 22 -1 -1 -1 -1 
50 7 1047 138 18 25 -1 -1 -1 -1 
51 1 1016 81 62 138 -1 -1 -1 -1 
51 2 907 68 49 156 -1 -1 -1 -1 
51 3 600 256 73 171 -1 -1 -1 -1 
51 4 256 74 95 151 -1 -1 -1 -1 
51 6 919 133 21 22 -1 -1 -1 -1 
51 7 1047 138 18 25 -1 -1 -1 -1 
52 1 1016 81 62 138 -1 -1 -1 -1 
52 2 907 68 49 156 -1 -1 -1 -1 
52 3 598 256 77 171 -1 -1 -1 -1 
52 4 256 74 95 151 -1 -1 -1 -1 
52 6 919 133 21 22 -1 -1 -1 -1 
52 7 1047 138 18 25 -1 -1 -1 -1 
52 10 905 68 52 159 -1 -1 -1 -1 
52 11 278 136 12 22 -1 -1 -1 -1 
53 1 1016 81 62 138 -1 -1 -1 -1 
53 2 906 68 51 158 -1 -1 -1 -1 
53 3 595 256 79 170 -1 -1 -1 -1 
53 4 256 74 95 151 -1 -1 -1 -1 
53 6 919 132 21 23 -1 -1 -1 -1 
53 7 1046 138 19 25 -1 -1 -1 -1 
53 10 905 68 52 159 -1 -1 -1 -1 
54 1 1016 81 62 138 -1 -1 -1 -1 
54 2 906 68 51 158 -1 -1 -1 -1 
54 3 591 257 84 169 -1 -1 -1 -1 
54 4 256 74 95 151 -1 -1 -1 -1 
54 6 919 132 21 23 -1 -1 -1 -1 
54 7 1046 138 19 24 -1 -1 -1 -1 
54 11 278 136 12 22 -1 -1 -1 -1 
55 1 1017 81 61 139 -1 -1 -1 -1 
55 2 907 68 50 157 -1 -1 -1 -1 
55 3 585 258 90 168 -1 -1 -1 -1 
55 4 256 74 95 151 -1 -1 -1 -1 
55 6 919 132 21 23 -1 -1 -1 -1 
55 7 1046 137 19 25 -1 -1 -1 -1 
55 11 278 136 12 22 -1 -1 -1 -1 
56 1 1017 81 61 139 -1 -1 -1 -1 
56 2 907 68 50 157 -1 -1 -1 -1 
56 3 581 259 93 167 -1 -1 -1 -1 
56 4 256 74 95 151 -1 -1 -1 -1 
56 6 919 132 21 23 -1 -1 -1 -1 
56 7 1047 137 18 25 -1 -1 -1 -1 
56 11 278 136 12 22 -1 -1 -1 -1 
57 1 1017 81 60 138 -1 -1 -1 -1 
57 2 907 68 50 157 -1 -1 -1 -1 
57 3 578 262 94 163 -1 -1 -1 -1 
57 4 256 73 95 152 -1 -1 -1 -1 
57 6 919 132 21 23 -1 -1 -1 -1 
57 7 1047 137 18 24 -1 -1 -1 -1 
57 10 905 68 52 159 -1 -1 -1 -1 
57 11 278 136 12 22 -1 -1 -1 -1 
58 1 1017 81 61 138 -1 -1 -1 -1 
58 2 907 68 50 158 -1 -1 -1 -1 
58 3 575 265 95 161 -1 -1 -1 -1 
58 4 256 73 95 152 -1 -1 -1 -1 
58 6 919 132 21 23 -1 -1 -1 -1 
58 7 1047 138 18 24 -1 -1 -1 -1 
58 10 905 68 52 159 -1 -1 -1 -1 
59 1 1017 81 60 138 -1 -1 -1 -1 
59 2 907 68 50 158 -1 -1 -1 -1 
59 3 570 267 99 159 -1 -1 -1 -1 
59 4 256 73 95 152 -1 -1 -1 -1 
59 6 919 132 21 23 -1 -1 -1 -1 
59 7 1047 138 17 24 -1 -1 -1 -1 
59 10 905 68 52 159 -1 -1 -1 -1 
59 11 278 136 12 22 -1 -1 -1 -1 
60 1 1017 81 60 138 -1 -1 -1 -1 
60 2 907 69 50 157 -1 -1 -1 -1 
60 3 568 268 100 158 -1 -1 -1 -1 
60 4 256 73 95 152 -1 -1 -1 -1 
60 6 919 132 21 23 -1 -1 -1 -1 
60 7 1047 138 17 25 -1 -1 -1 -1 
60 10 905 68 52 159 -1 -1 -1 -1 
61 1 1017 81 60 138 -1 -1 -1 -1 
61 2 907 68 50 158 -1 -1 -1 -1 
61 3 566 268 100 159 -1 -1 -1 -1 
61 4 256 74 95 151 -1 -1 -1 -1 
61 6 919 132 21 23 -1 -1 -1 -1 
61 7 1047 138 17 25 -1 -1 -1 -1 
61 11 278 136 12 22 -1 -1 -1 -1 
62 1 1018 81 58 138 -1 -1 -1 -1 
62 2 907 68 50 158 -1 -1 -1 -1 
62 3 565 269 99 159 -1 -1 -1 -1 
62 4 256 74 94 151 -1 -1 -1 -1 
62 6 919 132 21 23 -1 -1 -1 -1 
62 7 1047 138 17 25 -1 -1 -1 -1 
62 11 278 136 12 22 -1 -1 -1 -1 
63 1 1018 81 58 138 -1 -1 -1 -1 
63 2 907 68 50 158 -1 -1 -1 -1 
63 3 564 270 97 158 -1 -1 -1 -1 
63 4 256 74 94 151 -1 -1 -1 -1 
63 6 919 132 21 23 -1 -1 -1 -1 
63 7 1047 138 17 25 -1 -1 -1 -1 
63 11 278 136 12 22 -1 -1 -1 -1 
64 1 1018 81 58 138 -1 -1 -1 -1 
64 2 907 67 50 159 -1 -1 -1 -1 
64 3 563 269 96 159 -1 -1 -1 -1 
64 4 256 73 94 152 -1 -1 -1 -1 
64 6 918 132 21 22 -1 -1 -1 -1 
64 7 1047 139 17 24 -1 -1 -1 -1 
64 11 278 136 12 22 -1 -1 -1 -1 
65 1 1018 81 58 138 -1 -1 -1 -1 
65 2 907 68 50 158 -1 -1 -1 -1 
65 3 562 270 95 158 -1 -1 -1 -1 
65 4 256 73 94 152 -1 -1 -1 -1 
65 6 918 132 21 22 -1 -1 -1 -1 
65 7 1047 139 17 24 -1 -1 -1 -1 
65 11 278 136 12 22 -1 -1 -1 -1 
66 1 1018 81 58 138 -1 -1 -1 -1 
66 2 907 68 50 158 -1 -1 -1 -1 
66 3 562 270 93 158 -1 -1 -1 -1 
66 4 256 73 95 152 -1 -1 -1 -1 
66 6 918 132 21 22 -1 -1 -1 -1 
66 7 1047 139 17 24 -1 -1 -1 -1 
66 11 278 136 12 22 -1 -1 -1 -1 
67 1 1018 81 57 138 -1 -1 -1 -1 
67 2 907 68 50 158 -1 -1 -1 -1 
67 3 561 269 93 159 -1 -1 -1 -1 
67 4 256 74 94 151 -1 -1 -1 -1 
67 6 918 132 21 22 -1 -1 -1 -1 
67 7 1047 139 17 24 -1 -1 -1 -1 
67 11 278 136 12 22 -1 -1 -1 -1 
68 1 1018 81 57 138 -1 -1 -1 -1 
68 2 907 68 50 158 -1 -1 -1 -1 
68 3 561 269 91 159 -1 -1 -1 -1 
68 4 256 73 95 152 -1 -1 -1 -1 
68 6 919 132 21 23 -1 -1 -1 -1 
68 7 1047 139 18 24 -1 -1 -1 -1 
68 10 906 67 51 160 -1 -1 -1 -1 
68 11 278 136 12 22 -1 -1 -1 -1 
69 1 1018 81 57 138 -1 -1 -1 -1 
69 2 907 68 50 158 -1 -1 -1 -1 
69 3 560 268 91 158 -1 -1 -1 -1 
69 4 256 74 95 151 -1 -1 -1 -1 
69 6 919 132 21 23 -1 -1 -1 -1 
69 7 1048 139 17 24 -1 -1 -1 -1 
69 10 906 67 51 160 -1 -1 -1 -1 
69 11 278 136 12 22 -1 -1 -1 -1 
70 1 1018 81 57 138 -1 -1 -1 -1 
70 2 907 68 50 158 -1 -1 -1 -1 
70 3 559 267 91 159 -1 -1 -1 -1 
70 4 256 73 95 152 -1 -1 -1 -1 
70 6 919 132 21 23 -1 -1 -1 -1 
70 7 1047 139 18 24 -1 -1 -1 -1 
71 1 1018 81 57 138 -1 -1 -1 -1 
71 2 907 68 50 158 -1 -1 -1 -1 
71 3 558 267 91 159 -1 -1 -1 -1 
71 4 256 73 95 152 -1 -1 -1 -1 
71 6 919 132 21 23 -1 -1 -1 -1 
71 7 1047 139 18 24 -1 -1 -1 -1 
72 1 1018 81 57 138 -1 -1 -1 -1 
72 2 907 68 50 158 -1 -1 -1 -1 
72 3 558 266 88 160 -1 -1 -1 -1 
72 4 256 73 95 152 -1 -1 -1 -1 
72 6 919 132 21 23 -1 -1 -1 -1 
72 7 1047 139 18 24 -1 -1 -1 -1 
73 1 1018 81 58 138 -1 -1 -1 -1 
73 2 907 68 50 158 -1 -1 -1 -1 
73 3 557 265 87 161 -1 -1 -1 -1 
73 4 256 73 95 152 -1 -1 -1 -1 
73 6 919 132 21 23 -1 -1 -1 -1 
73 7 1048 139 16 23 -1 -1 -1 -1 
74 1 1018 81 58 138 -1 -1 -1 -1 
74 2 907 68 50 158 -1 -1 -1 -1 
74 3 557 265 85 160 -1 -1 -1 -1 
74 4 256 73 95 152 -1 -1 -1 -1 
74 6 919 132 21 22 -1 -1 -1 -1 
74 7 1048 139 17 23 -1 -1 -1 -1 
75 1 1018 81 58 138 -1 -1 -1 -1 
75 2 907 68 50 158 -1 -1 -1 -1 
75 3 556 264 85 161 -1 -1 -1 -1 
75 4 257 73 95 151 -1 -1 -1 -1 
75 6 919 132 21 22 -1 -1 -1 -1 
75 7 1048 139 17 23 -1 -1 -1 -1 
76 1 1018 81 58 138 -1 -1 -1 -1 
76 2 907 68 50 158 -1 -1 -1 -1 
76 3 556 264 84 162 -1 -1 -1 -1 
76 4 257 73 95 151 -1 -1 -1 -1 
76 6 919 132 21 22 -1 -1 -1 -1 
76 7 1047 139 17 23 -1 -1 -1 -1 
77 1 1018 81 59 138 -1 -1 -1 -1 
77 2 907 68 50 158 -1 -1 -1 -1 
77 3 555 265 85 161 -1 -1 -1 -1 
77 4 257 74 95 150 -1 -1 -1 -1 
77 6 919 132 21 23 -1 -1 -1 -1 
77 7 1048 139 17 23 -1 -1 -1 -1 
78 1 1018 81 59 138 -1 -1 -1 -1 
78 2 907 68 50 158 -1 -1 -1 -1 
78 3 553 265 86 162 -1 -1 -1 -1 
78 4 257 74 95 150 -1 -1 -1 -1 
78 6 919 133 21 22 -1 -1 -1 -1 
78 7 1048 139 16 23 -1 -1 -1 -1 
79 1 1018 81 59 138 -1 -1 -1 -1 
79 2 907 68 50 158 -1 -1 -1 -1 
79 3 552 267 87 159 -1 -1 -1 -1 
79 4 257 74 94 150 -1 -1 -1 -1 
79 6 919 132 21 23 -1 -1 -1 -1 
79 7 1048 139 16 23 -1 -1 -1 -1 
79 10 906 67 51 160 -1 -1 -1 -1 
80 1 1018 81 59 138 -1 -1 -1 -1 
80 2 907 68 50 158 -1 -1 -1 -1 
80 3 551 268 89 159 -1 -1 -1 -1 
80 4 257 74 94 150 -1 -1 -1 -1 
80 6 919 132 21 23 -1 -1 -1 -1 
80 7 1048 139 17 23 -1 -1 -1 -1 
80 10 906 67 51 160 -1 -1 -1 -1 
81 1 1018 81 59 138 -1 -1 -1 -1 
81 2 907 68 50 158 -1 -1 -1 -1 
81 3 549 269 91 159 -1 -1 -1 -1 
81 4 258 74 93 150 -1 -1 -1 -1 
81 6 919 132 21 23 -1 -1 -1 -1 
81 7 1048 139 17 23 -1 -1 -1 -1 
82 1 1017 81 60 138 -1 -1 -1 -1 
82 2 907 68 50 158 -1 -1 -1 -1 
82 3 547 270 93 158 -1 -1 -1 -1 
82 4 258 74 93 150 -1 -1 -1 -1 
82 6 919 132 21 23 -1 -1 -1 -1 
82 7 1048 139 16 23 -1 -1 -1 -1 
83 1 1018 81 59 138 -1 -1 -1 -1 
83 2 907 68 50 158 -1 -1 -1 -1 
83 3 544 272 97 157 -1 -1 -1 -1 
83 4 258 74 93 150 -1 -1 -1 -1 
83 6 919 132 21 23 -1 -1 -1 -1 
83 7 1048 139 16 23 -1 -1 -1 -1 
84 1 1018 81 59 138 -1 -1 -1 -1 
84 2 907 68 50 158 -1 -1 -1 -1 
84 3 540 273 101 155 -1 -1 -1 -1 
84 4 256 73 95 152 -1 -1 -1 -1 
84 6 919 132 21 23 -1 -1 -1 -1 
84 7 1048 139 16 23 -1 -1 -1 -1 
85 1 1017 81 60 138 -1 -1 -1 -1 
85 2 907 68 50 158 -1 -1 -1 -1 
85 3 535 274 106 152 -1 -1 -1 -1 
85 4 256 73 95 152 -1 -1 -1 -1 
85 6 920 132 20 23 -1 -1 -1 -1 
85 7 1048 139 16 23 -1 -1 -1 -1 
86 1 1017 81 59 138 -1 -1 -1 -1 
86 2 907 68 50 158 -1 -1 -1 -1 
86 3 529 275 111 151 -1 -1 -1 -1 
86 4 256 73 95 152 -1 -1 -1 -1 
86 6 919 132 21 23 -1 -1 -1 -1 
86 7 1048 139 16 23 -1 -1 -1 -1 
86 10 906 67 51 160 -1 -1 -1 -1 
87 1 1017 81 59 138 -1 -1 -1 -1 
87 2 907 68 50 158 -1 -1 -1 -1 
87 3 524 277 116 150 -1 -1 -1 -1 
87 4 256 73 94 152 -1 -1 -1 -1 
87 6 919 132 21 23 -1 -1 -1 -1 
87 7 1048 139 16 23 -1 -1 -1 -1 
88 1 1017 81 59 138 -1 -1 -1 -1 
88 2 907 68 50 158 -1 -1 -1 -1 
88 3 522 276 116 152 -1 -1 -1 -1 
88 4 256 73 94 152 -1 -1 -1 -1 
88 6 919 132 21 23 -1 -1 -1 -1 
88 7 1048 139 16 23 -1 -1 -1 -1 
89 1 1017 81 59 138 -1 -1 -1 -1 
89 2 907 68 50 158 -1 -1 -1 -1 
89 3 518 278 120 150 -1 -1 -1 -1 
89 4 256 73 94 152 -1 -1 -1 -1 
89 6 919 133 21 22 -1 -1 -1 -1 
89 7 1047 139 17 23 -1 -1 -1 -1 
90 1 1017 81 59 138 -1 -1 -1 -1 
90 2 907 68 49 158 -1 -1 -1 -1 
90 3 517 279 119 149 -1 -1 -1 -1 
90 4 256 72 94 153 -1 -1 -1 -1 
90 6 919 133 21 22 -1 -1 -1 -1 
90 7 1048 140 16 22 -1 -1 -1 -1 
90 10 906 68 51 159 -1 -1 -1 -1 
91 1 1018 81 57 138 -1 -1 -1 -1 
91 2 907 68 49 158 -1 -1 -1 -1 
91 3 517 280 117 149 -1 -1 -1 -1 
91 4 256 73 95 152 -1 -1 -1 -1 
91 6 919 133 21 22 -1 -1 -1 -1 
91 7 1048 140 16 22 -1 -1 -1 -1 
91 10 906 68 51 159 -1 -1 -1 -1 
92 1 1018 82 58 137 -1 -1 -1 -1 
92 2 907 68 50 158 -1 -1 -1 -1 
92 3 516 281 116 148 -1 -1 -1 -1 
92 4 258 74 93 150 -1 -1 -1 -1 
92 6 920 132 20 23 -1 -1 -1 -1 
92 7 1047 139 17 24 -1 -1 -1 -1 
92 10 906 68 51 159 -1 -1 -1 -1 
93 1 1018 82 58 137 -1 -1 -1 -1 
93 2 907 68 50 158 -1 -1 -1 -1 
93 3 515 282 116 148 -1 -1 -1 -1 
93 4 258 74 93 150 -1 -1 -1 -1 
93 6 920 132 20 23 -1 -1 -1 -1 
93 7 1047 139 17 24 -1 -1 -1 -1 
93 10 906 68 51 159 -1 -1 -1 -1 
94 1 1018 83 58 136 -1 -1 -1 -1 
94 2 907 68 50 157 -1 -1 -1 -1 
94 3 514 283 115 148 -1 -1 -1 -1 
94 4 258 74 93 150 -1 -1 -1 -1 
94 6 920 132 20 22 -1 -1 -1 -1 
94 7 1047 139 17 23 -1 -1 -1 -1 
94 10 905 67 52 160 -1 -1 -1 -1 
95 1 1018 84 58 135 -1 -1 -1 -1 
95 2 907 68 50 157 -1 -1 -1 -1 
95 3 513 283 114 147 -1 -1 -1 -1 
95 4 258 74 93 150 -1 -1 -1 -1 
95 6 920 132 20 22 -1 -1 -1 -1 
95 7 1048 139 16 23 -1 -1 -1 -1 
95 10 906 67 51 160 -1 -1 -1 -1 
96 1 1019 84 57 134 -1 -1 -1 -1 
96 2 907 68 50 158 -1 -1 -1 -1 
96 3 513 284 112 147 -1 -1 -1 -1 
96 4 258 74 93 150 -1 -1 -1 -1 
96 6 919 132 21 22 -1 -1 -1 -1 
96 7 1048 140 16 23 -1 -1 -1 -1 
96 10 905 67 52 160 -1 -1 -1 -1 
97 1 1018 84 57 134 -1 -1 -1 -1 
97 2 907 68 50 158 -1 -1 -1 -1 
97 3 512 284 111 147 -1 -1 -1 -1 
97 4 258 74 93 150 -1 -1 -1 -1 
97 6 919 132 21 23 -1 -1 -1 -1 
97 7 1048 140 16 23 -1 -1 -1 -1 
97 10 905 67 52 160 -1 -1 -1 -1 
98 1 1018 85 58 133 -1 -1 -1 -1 
98 2 907 68 50 158 -1 -1 -1 -1 
98 3 512 285 110 146 -1 -1 -1 -1 
98 4 258 74 93 150 -1 -1 -1 -1 
98 6 919 132 21 22 -1 -1 -1 -1 
98 7 1043 141 16 20 -1 -1 -1 -1 
98 10 905 67 52 160 -1 -1 -1 -1 
99 1 1018 85 59 133 -1 -1 -1 -1 
99 2 907 68 50 158 -1 -1 -1 -1 
99 3 512 285 109 146 -1 -1 -1 -1 
99 4 258 74 93 150 -1 -1 -1 -1 
99 6 919 133 20 21 -1 -1 -1 -1 
99 7 1048 138 17 24 -1 -1 -1 -1 
100 1 1018 85 59 133 -1 -1 -1 -1 
100 2 907 68 50 158 -1 -1 -1 -1 
100 3 512 284 109 147 -1 -1 -1 -1 
100 4 257 73 95 152 -1 -1 -1 -1 
100 6 919 133 21 22 -1 -1 -1 -1 
100 7 1047 139 18 24 -1 -1 -1 -1 
100 10 906 67 51 160 -1 -1 -1 -1 
101 1 1019 85 59 133 -1 -1 -1 -1 
101 2 907 68 50 158 -1 -1 -1 -1 
101 3 512 284 107 147 -1 -1 -1 -1 
101 4 257 73 95 152 -1 -1 -1 -1 
101 6 920 133 20 22 -1 -1 -1 -1 
101 7 1047 139 18 24 -1 -1 -1 -1 
102 1 1021 86 58 132 -1 -1 -1 -1 
102 2 907 68 50 158 -1 -1 -1 -1 
102 3 512 285 107 146 -1 -1 -1 -1 
102 4 257 73 95 152 -1 -1 -1 -1 
102 6 920 132 20 23 -1 -1 -1 -1 
102 10 906 67 51 160 -1 -1 -1 -1 
103 1 1023 87 58 133 -1 -1 -1 -1 
103 2 907 68 50 158 -1 -1 -1 -1 
103 3 512 285 107 146 -1 -1 -1 -1 
103 4 258 72 94 152 -1 -1 -1 -1 
103 6 920 133 20 22 -1 -1 -1 -1 
104 1 1024 88 57 131 -1 -1 -1 -1 
104 2 907 69 50 157 -1 -1 -1 -1 
104 3 512 285 107 146 -1 -1 -1 -1 
104 4 261 74 90 150 -1 -1 -1 -1 
104 6 920 133 20 22 -1 -1 -1 -1 
104 10 905 68 52 159 -1 -1 -1 -1 
105 1 1025 89 58 131 -1 -1 -1 -1 
105 2 907 69 50 157 -1 -1 -1 -1 
105 3 512 285 107 146 -1 -1 -1 -1 
105 4 261 74 90 150 -1 -1 -1 -1 
106 1 1028 90 55 129 -1 -1 -1 -1 
106 2 907 69 51 157 -1 -1 -1 -1 
106 3 512 285 106 146 -1 -1 -1 -1 
106 6 921 135 20 22 -1 -1 -1 -1 
106 10 907 70 51 155 -1 -1 -1 -1 
107 1 1030 91 53 128 -1 -1 -1 -1 
107 2 907 69 51 157 -1 -1 -1 -1 
107 3 511 285 107 146 -1 -1 -1 -1 
107 6 922 135 19 22 -1 -1 -1 -1 
108 1 1030 91 53 128 -1 -1 -1 -1 
108 3 511 285 107 146 -1 -1 -1 -1 
108 6 922 136 19 22 -1 -1 -1 -1 
108 10 908 70 50 155 -1 -1 -1 -1 
109 1 1030 90 53 130 -1 -1 -1 -1 
109 3 511 286 107 145 -1 -1 -1 -1 
109 4 267 75 85 150 -1 -1 -1 -1 
109 6 922 137 18 21 -1 -1 -1 -1 
109 10 908 70 50 156 -1 -1 -1 -1 
110 1 1030 89 53 131 -1 -1 -1 -1 
110 3 511 286 108 145 -1 -1 -1 -1 
110 4 266 74 87 151 -1 -1 -1 -1 
110 6 922 137 18 21 -1 -1 -1 -1 
110 10 909 71 49 155 -1 -1 -1 -1 
111 1 1030 88 53 132 -1 -1 -1 -1 
111 3 512 287 108 144 -1 -1 -1 -1 
111 4 266 74 86 150 -1 -1 -1 -1 
111 6 923 138 17 21 -1 -1 -1 -1 
111 10 909 72 50 154 -1 -1 -1 -1 
112 1 1030 88 53 131 -1 -1 -1 -1 
112 3 512 289 110 141 -1 -1 -1 -1 
112 4 265 74 87 150 -1 -1 -1 -1 
112 6 923 138 17 21 -1 -1 -1 -1 
112 10 910 72 49 154 -1 -1 -1 -1 
113 1 1030 88 52 130 -1 -1 -1 -1 
113 3 512 289 113 141 -1 -1 -1 -1 
113 4 267 74 85 151 -1 -1 -1 -1 
113 6 924 138 15 21 -1 -1 -1 -1 
113 10 910 73 49 153 -1 -1 -1 -1 
114 1 1030 87 52 130 -1 -1 -1 -1 
114 2 914 90 39 120 -1 -1 -1 -1 
114 3 512 292 118 137 -1 -1 -1 -1 
114 4 269 74 83 151 -1 -1 -1 -1 
114 6 924 139 15 21 -1 -1 -1 -1 
114 10 911 74 49 152 -1 -1 -1 -1 
115 1 1030 88 52 129 -1 -1 -1 -1 
115 2 917 102 33 96 -1 -1 -1 -1 
115 3 511 294 125 136 -1 -1 -1 -1 
115 4 267 74 89 150 -1 -1 -1 -1 
115 6 923 139 15 22 -1 -1 -1 -1 
115 7 287 132 12 26 -1 -1 -1 -1 
115 10 911 74 49 152 -1 -1 -1 -1 
116 1 1030 89 52 128 -1 -1 -1 -1 
116 2 920 111 27 78 -1 -1 -1 -1 
116 3 514 293 126 135 -1 -1 -1 -1 
116 4 272 73 78 153 -1 -1 -1 -1 
116 6 924 139 14 22 -1 -1 -1 -1 
116 7 286 133 13 25 -1 -1 -1 -1 
116 10 912 75 49 151 -1 -1 -1 -1 
